Programma Numerico da 20.0
bottom 18,12.8,6.7 top full,1,.5
3
0
63
1
1
0
0.000000
0.000000
\Kvfile\Mat\
\Kvfile\Pnz\
0.000000
0.000000
0.000000
0.000000
\Kvfile\Mat\
\Kvfile\Pnz\
0.000000
0.000000
0.000000
0.000000
\Kvfile\Mat\
\Kvfile\Pnz\
0.000000
0.000000
0.000000
0.000000
\Kvfile\Mat\
\Kvfile\Pnz\
0.000000
0.000000
0.000000
0.000000
0.000000
0.000000
0.000000
0.000000
0.000000
0.000000
3
6.858000
0
0.000000
0
0.000000
0
0.000000
0
0.000000
0
0.000000
0
0.000000
0
0.000000
0.000000
0.000000
0.000000
0.000000
0.000000
0.000000
0.000000
0.000000
0.000000
0.000000
TABLE1









Piega
1
Dati Generali
965.200000
1.905000
45
45
\Kvfile\Mat\1434104-410
1
0
\Kvfile\Pnz\50045X
0
0
0.000000
0.000000
0.000000
0
0
0
0
0
0
0
0
0
0
0
0.000000
0.000000
0.000000
0.000000
0.000000
0.000000
Dati
0.304800
90.000000
90.000000
29.972000
29.972000
29.972000
29.972000
172.913242
172.879466
80.467700
80.467700
80.467700
80.467700
2044.700000
2387.600000
0.000000
0.000000
45.000000
45.000000
0.133289
0.000000
0.000000
0.000000
0.000000
0.000000
0.000000
0.000000
1.143000
0.508000
0.508000
0.508000
-13.000000
-13.500000
0.000000
0.000000
0.000000
0.000000
0.000000
22.012545
0.133289
38.100000
0.000000
1
1
0
0
0
0
0000000000000000
0
120
1.998133
1.000000
1.000000
0.000000
0.000000
0.000000
0.000000
0.000000
0.000000
0.000000
0
0
16
0
0
0
0
0
0
0.000000
0.000000
0.000000
0.000000
0.000000
0.000000
0.000000
0.000000
0.000000
Piega
1
Dati Generali
685.800000
1.905000
45
45
\Kvfile\Mat\1434104-410
1
0
\Kvfile\Pnz\50045X
0
0
0.000000
0.000000
0.000000
0
0
0
0
0
0
0
0
0
0
0
0.000000
0.000000
0.000000
0.000000
0.000000
0.000000
Dati
0.304800
90.000000
90.000000
20.574000
20.574000
20.574000
20.574000
172.879466
172.879466
80.467700
80.467700
80.467700
80.467700
2044.700000
2387.600000
0.000000
0.000000
45.000000
45.000000
0.100074
0.000000
0.000000
0.000000
0.000000
0.000000
0.000000
0.000000
1.143000
0.381000
0.381000
0.381000
-13.500000
-13.500000
0.000000
0.000000
0.000000
0.000000
0.000000
15.669440
0.100074
50.800000
0.000000
2
1
0
0
0
0
0000000000000000
0
120
1.998133
1.000000
2.000000
0.000000
0.000000
0.000000
0.000000
0.000000
0.000000
0.000000
0
0
16
0
0
0
0
0
0
0.000000
0.000000
0.000000
0.000000
0.000000
0.000000
0.000000
0.000000
0.000000
Piega
1
Dati Generali
965.200000
1.905000
45
45
\Kvfile\Mat\1434104-410
1
0
\Kvfile\Pnz\50045X
0
0
0.000000
0.000000
0.000000
0
0
0
0
0
0
0
0
0
0
0
0.000000
0.000000
0.000000
0.000000
0.000000
0.000000
Dati
0.304800
90.000000
90.000000
25.400000
25.400000
25.400000
25.400000
172.879466
172.879466
83.715200
80.467700
83.715200
83.715200
2044.700000
2387.600000
0.000000
0.000000
45.000000
45.000000
0.154406
0.000000
0.000000
0.000000
0.000000
0.000000
0.000000
0.000000
1.143000
0.508000
1.143000
1.143000
-13.500000
-13.500000
0.000000
0.000000
0.000000
0.000000
0.000000
25.500000
0.154406
25.400000
0.000000
1
1
1
0
0
0
0000001000000000
0
120
1.998133
1.000000
3.000000
1.200000
0.000000
0.000000
0.000000
0.000000
0.000000
0.000000
0
0
16
0
0
0
0
0
0
0.000000
0.000000
0.000000
0.000000
0.000000
0.000000
0.000000
0.000000
0.000000

[General]
BendNum=3
Mix=0
LoadedFirstTime=0
DeletedBend=1

[Bend1]
DirDieHolder=\Kvfile\DieHolder\
DieHolder=
ChkSumDieHolder=0
DirIntermediate=\Kvfile\Intermediate\
Intermediate=
ChkSumIntermediate=0
MinFlange=0.000000
SicAreaX=0.000000
SicAreaR=0.000000
SensPressActCrowning=0
SensPressFindMax=0
SensPressFindSpess=0
ConicalAngle=0.000000
Resistance=45
AddedBend=0
SplitdBend=0

[Bend2]
DirDieHolder=\Kvfile\DieHolder\
DieHolder=
ChkSumDieHolder=0
DirIntermediate=\Kvfile\Intermediate\
Intermediate=
ChkSumIntermediate=0
MinFlange=0.000000
SicAreaX=0.000000
SicAreaR=0.000000
SensPressActCrowning=0
SensPressFindMax=0
SensPressFindSpess=0
ConicalAngle=0.000000
Resistance=45
AddedBend=0
SplitdBend=0

[Bend3]
DirDieHolder=\Kvfile\DieHolder\
DieHolder=
ChkSumDieHolder=0
DirIntermediate=\Kvfile\Intermediate\
Intermediate=
ChkSumIntermediate=0
MinFlange=0.000000
SicAreaX=0.000000
SicAreaR=0.000000
SensPressActCrowning=0
SensPressFindMax=0
SensPressFindSpess=0
ConicalAngle=0.000000
Resistance=45
AddedBend=0
SplitdBend=0
