Programma Numerico da 20.0

1
0
10
1
1
0
0.000000
0.000000
\Kvfile\Mat\
\Kvfile\Pnz\
0.000000
0.000000
0.000000
0.000000
\Kvfile\Mat\
\Kvfile\Pnz\
0.000000
0.000000
0.000000
0.000000
\Kvfile\Mat\
\Kvfile\Pnz\
0.000000
0.000000
0.000000
0.000000
\Kvfile\Mat\
\Kvfile\Pnz\
0.000000
0.000000
0.000000
0.000000
0.000000
0.000000
0.000000
0.000000
0.000000
0.000000
1
0.508000
0
0.000000
0
0.000000
0
0.000000
0
0.000000
0
0.000000
0
0.000000
0
0.000000
0.000000
0.000000
0.000000
0.000000
0.000000
0.000000
0.000000
0.000000
0.000000
0.000000
TABLE1









Piega
1
Dati Generali
787.400000
4.775200
45
45
\Kvfile\Mat\50240
1
0
\Kvfile\Pnz\50052X
0
0
0.000000
0.000000
0.000000
0
0
0
0
0
0
0
0
0
0
0
0.000000
0.000000
0.000000
0.000000
0.000000
0.000000
Dati
0.635000
90.000000
90.000000
28.956000
28.956000
28.956000
28.956000
142.595447
142.595447
53.048400
53.048400
53.048400
53.048400
1809.540000
2439.460000
0.000000
0.000000
45.000000
45.000000
0.332827
0.000000
0.000000
0.000000
0.000000
0.000000
0.000000
0.000000
0.254000
0.000000
0.000000
0.000000
-9.500000
-9.500000
0.000000
0.000000
0.000000
0.000000
0.000000
53.115894
0.332827
76.200000
0.000000
1
1
0
0
0
0
0000000000000000
0
9
4.233333
1.000000
1.000000
0.000000
0.000000
0.000000
0.000000
0.000000
0.000000
0.000000
0
0
16
0
0
0
0
0
0
0.000000
0.000000
0.000000
0.000000
0.000000
0.000000
0.000000
0.000000
0.000000

[General]
BendNum=1
Mix=0
LoadedFirstTime=0
DeletedBend=0

[Bend1]
DirDieHolder=\Kvfile\DieHolder\
DieHolder=
ChkSumDieHolder=0
DirIntermediate=\Kvfile\Intermediate\
Intermediate=
ChkSumIntermediate=0
MinFlange=0.000000
SicAreaX=0.000000
SicAreaR=0.000000
SensPressActCrowning=0
SensPressFindMax=0
SensPressFindSpess=0
ConicalAngle=0.000000
Resistance=45
AddedBend=0
SplitdBend=0
