Programma Numerico da 20.0

3
0
256
1
1
0
0.000000
0.000000
\Kvfile\Mat\
\Kvfile\Pnz\
0.000000
0.000000
0.000000
0.000000
\Kvfile\Mat\
\Kvfile\Pnz\
0.000000
0.000000
0.000000
0.000000
\Kvfile\Mat\
\Kvfile\Pnz\
0.000000
0.000000
0.000000
0.000000
\Kvfile\Mat\
\Kvfile\Pnz\
0.000000
0.000000
0.000000
0.000000
0.000000
0.000000
0.000000
0.000000
0.000000
0.000000
3
7.284880
0
0.000000
0
0.000000
0
0.000000
0
0.000000
0
0.000000
0
0.000000
0
0.000000
0.000000
0.000000
0.000000
0.000000
0.000000
0.000000
0.000000
0.000000
0.000000
0.000000
TABLE1









Piega
1
Dati Generali
1701.800000
4.445000
45
45
\Kvfile\Mat\50298
1
0
\Kvfile\Pnz\50248X
0
0
0.000000
0.000000
0.000000
0
0
1
0
0
0
0
0
0
0
0
0.000000
0.000000
0.000000
0.000000
0.000000
0.000000
Dati
1.143000
89.000000
89.000000
246.634000
246.634000
246.634000
246.634000
195.680150
196.132601
54.915800
54.152800
54.915800
54.915800
1625.600000
2641.600000
0.000000
0.000000
45.500000
45.500000
0.800000
0.000000
0.000000
0.000000
0.000000
0.000000
0.000000
0.000000
-18.475960
-18.729960
-18.475960
-18.475960
-2.750000
-0.750000
0.000000
0.000000
0.000000
0.000000
0.000000
100.000000
0.800000
38.100000
1.498600
1
1
0
0
0
0
0000000000000000
0
211
6.350000
1.000000
1.000000
0.000000
0.000000
0.000000
0.000000
0.000000
0.000000
0.000000
0
0
16
0
0
0
0
0
0
0.000000
0.000000
0.000000
0.000000
0.000000
0.000000
0.000000
0.000000
0.000000
Piega
1
Dati Generali
1701.800000
4.445000
45
45
\Kvfile\Mat\50298
1
0
\Kvfile\Pnz\50248X
0
0
0.000000
0.000000
0.000000
0
0
1
0
0
0
0
0
0
0
0
0.000000
0.000000
0.000000
0.000000
0.000000
0.000000
Dati
1.143000
87.000000
87.000000
173.228000
173.228000
173.228000
173.228000
195.215766
195.680150
54.915800
54.915800
54.915800
54.915800
1625.600000
2641.600000
0.000000
0.000000
46.500000
46.500000
0.800000
0.000000
0.000000
0.000000
0.000000
0.000000
0.000000
0.000000
-18.643600
-18.897600
-18.897600
-18.897600
-2.750000
-0.750000
0.000000
0.000000
0.000000
0.000000
0.000000
100.000000
0.800000
63.500000
1.498600
1
1
0
0
0
0
0000000000000000
0
211
6.350000
1.000000
2.000000
0.000000
0.000000
0.000000
0.000000
0.000000
0.000000
0.000000
0
0
16
0
0
0
0
0
0
0.000000
0.000000
0.000000
0.000000
0.000000
0.000000
0.000000
0.000000
0.000000
Piega
1
Dati Generali
1701.800000
4.445000
45
45
\Kvfile\Mat\50298
1
0
\Kvfile\Pnz\50248X
0
0
0.000000
0.000000
0.000000
0
0
0
0
0
0
0
0
0
0
0
0.000000
0.000000
0.000000
0.000000
0.000000
0.000000
Dati
1.143000
93.000000
93.000000
71.882000
71.882000
71.882000
71.882000
196.574038
197.005309
61.138300
61.138300
61.138300
61.138300
1625.600000
2641.600000
0.000000
0.000000
43.500000
43.500000
0.800000
0.000000
0.000000
0.000000
0.000000
0.000000
0.000000
0.000000
0.762000
0.254000
0.762000
0.762000
-2.750000
-0.750000
0.000000
0.000000
0.000000
0.000000
0.000000
100.000000
0.800000
76.200000
1.498600
1
1
0
0
0
0
0000000000000000
0
211
6.350000
1.000000
3.000000
0.000000
0.000000
0.000000
0.000000
0.000000
0.000000
0.000000
0
0
16
0
0
0
0
0
0
0.000000
0.000000
0.000000
0.000000
0.000000
0.000000
0.000000
0.000000
0.000000

[General]
BendNum=3
Mix=0
LoadedFirstTime=0
DeletedBend=0

[Bend1]
DirDieHolder=\Kvfile\DieHolder\
DieHolder=
ChkSumDieHolder=0
DirIntermediate=\Kvfile\Intermediate\
Intermediate=
ChkSumIntermediate=0
MinFlange=0.000000
SicAreaX=0.000000
SicAreaR=0.000000
SensPressActCrowning=0
SensPressFindMax=0
SensPressFindSpess=0
ConicalAngle=0.000000
Resistance=45
AddedBend=0
SplitdBend=0

[Bend2]
DirDieHolder=\Kvfile\DieHolder\
DieHolder=
ChkSumDieHolder=0
DirIntermediate=\Kvfile\Intermediate\
Intermediate=
ChkSumIntermediate=0
MinFlange=0.000000
SicAreaX=0.000000
SicAreaR=0.000000
SensPressActCrowning=0
SensPressFindMax=0
SensPressFindSpess=0
ConicalAngle=0.000000
Resistance=45
AddedBend=0
SplitdBend=0

[Bend3]
DirDieHolder=\Kvfile\DieHolder\
DieHolder=
ChkSumDieHolder=0
DirIntermediate=\Kvfile\Intermediate\
Intermediate=
ChkSumIntermediate=0
MinFlange=0.000000
SicAreaX=0.000000
SicAreaR=0.000000
SensPressActCrowning=0
SensPressFindMax=0
SensPressFindSpess=0
ConicalAngle=0.000000
Resistance=45
AddedBend=0
SplitdBend=0
