Programma Numerico da 20.0
use for both sides top:full,3. Bottom: Full, 9.
5
0
44
1
1
0
0.000000
0.000000
\Kvfile\Mat\
\Kvfile\Pnz\
0.000000
0.000000
0.000000
0.000000
\Kvfile\Mat\
\Kvfile\Pnz\
0.000000
0.000000
0.000000
0.000000
\Kvfile\Mat\
\Kvfile\Pnz\
0.000000
0.000000
0.000000
0.000000
\Kvfile\Mat\
\Kvfile\Pnz\
0.000000
0.000000
0.000000
0.000000
0.000000
0.000000
0.000000
0.000000
0.000000
0.000000
5
10.160000
0
0.000000
0
0.000000
0
0.000000
0
0.000000
0
0.000000
0
0.000000
0
0.000000
0.000000
0.000000
0.000000
0.000000
0.000000
0.000000
0.000000
0.000000
0.000000
0.000000
TABLE1









Piega
1
Dati Generali
1117.600000
1.905000
45
45
\Kvfile\Mat\1434104-410
1
0
\Kvfile\Pnz\50248X
0
0
0.000000
0.000000
0.000000
0
0
0
0
0
0
0
0
0
0
0
0.000000
0.000000
0.000000
0.000000
0.000000
0.000000
Dati
0.381000
90.000000
90.000000
25.654000
25.654000
25.654000
25.654000
225.465842
225.465842
80.467700
80.467700
80.467700
80.467700
2032.000000
2387.600000
0.000000
0.000000
45.000000
45.000000
0.186806
0.000000
0.000000
0.000000
0.000000
0.000000
0.000000
0.000000
1.016000
0.000000
0.000000
0.000000
-13.000000
-13.000000
0.000000
0.000000
0.000000
0.000000
0.000000
31.800000
0.186806
76.200000
0.000000
1
1
0
0
0
0
0000000000000000
0
180
1.998133
1.000000
1.000000
0.000000
0.000000
0.000000
0.000000
0.000000
0.000000
0.000000
0
0
16
0
0
0
0
0
0
0.000000
0.000000
0.000000
0.000000
0.000000
0.000000
0.000000
0.000000
0.000000
Piega
1
Dati Generali
1117.600000
1.905000
45
45
\Kvfile\Mat\1434104-410
1
0
\Kvfile\Pnz\50248X
0
0
0.000000
0.000000
0.000000
0
0
0
0
0
0
0
0
0
0
0
0.000000
0.000000
0.000000
0.000000
0.000000
0.000000
Dati
0.381000
90.000000
90.000000
62.738000
62.738000
62.738000
62.738000
225.398053
225.398053
80.467700
80.467700
80.467700
80.467700
2032.000000
2387.600000
0.000000
0.000000
45.000000
45.000000
0.186806
0.000000
0.000000
0.000000
0.000000
0.000000
0.000000
0.000000
1.016000
0.000000
0.000000
0.000000
-14.000000
-14.000000
0.000000
0.000000
0.000000
0.000000
0.000000
31.800000
0.186806
152.400000
0.000000
1
1
0
0
0
0
0000000000000000
0
180
1.998133
1.000000
2.000000
0.000000
0.000000
0.000000
0.000000
0.000000
0.000000
0.000000
0
0
16
0
0
0
0
0
0
0.000000
0.000000
0.000000
0.000000
0.000000
0.000000
0.000000
0.000000
0.000000
Piega
1
Dati Generali
1117.600000
1.905000
45
45
\Kvfile\Mat\1434104-410
1
0
\Kvfile\Pnz\50248X
0
0
0.000000
0.000000
0.000000
0
0
0
0
0
0
0
0
0
0
0
0.000000
0.000000
0.000000
0.000000
0.000000
0.000000
Dati
0.381000
90.000000
90.000000
58.928000
58.928000
58.928000
58.928000
225.398053
225.398053
80.467700
80.467700
80.467700
80.467700
2032.000000
2387.600000
0.000000
0.000000
45.000000
45.000000
0.186806
0.000000
0.000000
0.000000
0.000000
0.000000
0.000000
0.000000
1.016000
0.000000
0.000000
0.000000
-14.000000
-14.000000
0.000000
0.000000
0.000000
0.000000
0.000000
31.800000
0.186806
76.200000
0.000000
1
1
0
0
0
0
0000000000000000
0
180
1.998133
1.000000
3.000000
0.000000
0.000000
0.000000
0.000000
0.000000
0.000000
0.000000
0
0
16
0
0
0
0
0
0
0.000000
0.000000
0.000000
0.000000
0.000000
0.000000
0.000000
0.000000
0.000000
Piega
1
Dati Generali
1117.600000
1.905000
45
45
\Kvfile\Mat\1434104-410
1
0
\Kvfile\Pnz\50248X
0
0
0.000000
0.000000
0.000000
0
0
0
0
0
0
0
0
0
0
0
0.000000
0.000000
0.000000
0.000000
0.000000
0.000000
Dati
0.381000
90.000000
90.000000
42.926000
42.926000
42.926000
42.926000
225.152857
225.152857
80.467700
80.467700
80.467700
80.467700
2032.000000
2387.600000
0.000000
0.000000
45.000000
45.000000
0.186806
0.000000
0.000000
0.000000
0.000000
0.000000
0.000000
0.000000
1.016000
0.000000
0.000000
0.000000
-17.500000
-17.500000
0.000000
0.000000
0.000000
0.000000
0.000000
31.800000
0.186806
76.200000
0.000000
1
1
0
0
0
0
0000000000000000
0
180
1.998133
1.000000
4.000000
0.000000
0.000000
0.000000
0.000000
0.000000
0.000000
0.000000
0
0
16
0
0
0
0
0
0
0.000000
0.000000
0.000000
0.000000
0.000000
0.000000
0.000000
0.000000
0.000000
Piega
1
Dati Generali
1117.600000
1.905000
45
45
\Kvfile\Mat\1434104-410
1
0
\Kvfile\Pnz\50248X
0
0
0.000000
0.000000
0.000000
0
0
0
0
0
0
0
0
0
0
0
0.000000
0.000000
0.000000
0.000000
0.000000
0.000000
Dati
0.381000
90.000000
90.000000
58.928000
58.928000
58.928000
58.928000
225.116744
225.116744
80.467700
80.467700
80.467700
80.467700
2032.000000
2387.600000
0.000000
0.000000
45.000000
45.000000
0.186806
0.000000
0.000000
0.000000
0.000000
0.000000
0.000000
0.000000
1.016000
0.000000
0.000000
0.000000
-18.000000
-18.000000
0.000000
0.000000
0.000000
0.000000
0.000000
31.800000
0.186806
76.200000
0.000000
1
1
0
0
0
0
0000000000000000
0
180
1.998133
1.000000
5.000000
0.000000
0.000000
0.000000
0.000000
0.000000
0.000000
0.000000
0
0
16
0
0
0
0
0
0
0.000000
0.000000
0.000000
0.000000
0.000000
0.000000
0.000000
0.000000
0.000000

[General]
BendNum=5
Mix=0
LoadedFirstTime=0
DeletedBend=0

[Bend1]
DirDieHolder=\Kvfile\DieHolder\
DieHolder=
ChkSumDieHolder=0
DirIntermediate=\Kvfile\Intermediate\
Intermediate=
ChkSumIntermediate=0
MinFlange=0.000000
SicAreaX=0.000000
SicAreaR=0.000000
SensPressActCrowning=0
SensPressFindMax=0
SensPressFindSpess=0
ConicalAngle=0.000000
Resistance=45
AddedBend=0
SplitdBend=0

[Bend2]
DirDieHolder=\Kvfile\DieHolder\
DieHolder=
ChkSumDieHolder=0
DirIntermediate=\Kvfile\Intermediate\
Intermediate=
ChkSumIntermediate=0
MinFlange=0.000000
SicAreaX=0.000000
SicAreaR=0.000000
SensPressActCrowning=0
SensPressFindMax=0
SensPressFindSpess=0
ConicalAngle=0.000000
Resistance=45
AddedBend=0
SplitdBend=0

[Bend3]
DirDieHolder=\Kvfile\DieHolder\
DieHolder=
ChkSumDieHolder=0
DirIntermediate=\Kvfile\Intermediate\
Intermediate=
ChkSumIntermediate=0
MinFlange=0.000000
SicAreaX=0.000000
SicAreaR=0.000000
SensPressActCrowning=0
SensPressFindMax=0
SensPressFindSpess=0
ConicalAngle=0.000000
Resistance=45
AddedBend=0
SplitdBend=0

[Bend4]
DirDieHolder=\Kvfile\DieHolder\
DieHolder=
ChkSumDieHolder=0
DirIntermediate=\Kvfile\Intermediate\
Intermediate=
ChkSumIntermediate=0
MinFlange=0.000000
SicAreaX=0.000000
SicAreaR=0.000000
SensPressActCrowning=0
SensPressFindMax=0
SensPressFindSpess=0
ConicalAngle=0.000000
Resistance=45
AddedBend=0
SplitdBend=0

[Bend5]
DirDieHolder=\Kvfile\DieHolder\
DieHolder=
ChkSumDieHolder=0
DirIntermediate=\Kvfile\Intermediate\
Intermediate=
ChkSumIntermediate=0
MinFlange=0.000000
SicAreaX=0.000000
SicAreaR=0.000000
SensPressActCrowning=0
SensPressFindMax=0
SensPressFindSpess=0
ConicalAngle=0.000000
Resistance=45
AddedBend=0
SplitdBend=0
