Programma Numerico da 20.0

3
0
196
1
1
0
0.000000
0.000000
\Kvfile\Mat\
\Kvfile\Pnz\
0.000000
0.000000
0.000000
0.000000
\Kvfile\Mat\
\Kvfile\Pnz\
0.000000
0.000000
0.000000
0.000000
\Kvfile\Mat\
\Kvfile\Pnz\
0.000000
0.000000
0.000000
0.000000
\Kvfile\Mat\
\Kvfile\Pnz\
0.000000
0.000000
0.000000
0.000000
0.000000
0.000000
0.000000
0.000000
0.000000
0.000000
3
5.461000
0
0.000000
0
0.000000
0
0.000000
0
0.000000
0
0.000000
0
0.000000
0
0.000000
0.000000
0.000000
0.000000
0.000000
0.000000
0.000000
0.000000
0.000000
0.000000
0.000000
TABLE1









Piega
1
Dati Generali
44.450000
1.905000
45
45
\Kvfile\Mat\50023TEMP
1
0
\Kvfile\Pnz\50281C
0
0
0.000000
0.000000
0.000000
0
0
0
0
0
0
0
0
0
0
0
0.000000
0.000000
0.000000
0.000000
0.000000
0.000000
Dati
1.498600
90.000000
90.000000
31.750000
31.750000
31.750000
31.750000
153.191824
153.191824
60.122300
60.122300
60.122300
60.122300
2032.000000
2153.920000
0.000000
0.000000
45.000000
45.000000
0.006162
0.000000
0.000000
0.000000
0.000000
0.000000
0.000000
0.000000
0.698500
0.254000
0.254000
0.254000
6.000000
6.000000
0.000000
0.000000
0.000000
0.000000
0.000000
0.862095
0.006162
33.020000
0.000000
60
1
0
0
0
0
0000000000000000
0
25
2.645833
1.000000
1.000000
0.000000
0.000000
0.000000
0.000000
0.000000
0.000000
0.000000
0
0
16
0
0
0
0
0
0
0.000000
0.000000
0.000000
0.000000
0.000000
0.000000
0.000000
0.000000
0.000000
Piega
1
Dati Generali
203.200000
1.905000
45
45
\Kvfile\Mat\50023TEMP
1
0
\Kvfile\Pnz\50281C
0
0
0.000000
0.000000
0.000000
0
0
0
0
0
0
0
0
0
0
0
0.000000
0.000000
0.000000
0.000000
0.000000
0.000000
Dati
1.498600
90.000000
90.000000
31.750000
31.750000
31.750000
31.750000
153.018611
153.018611
60.122300
60.122300
60.122300
60.122300
2032.000000
2153.920000
0.000000
0.000000
45.000000
45.000000
0.024940
0.000000
0.000000
0.000000
0.000000
0.000000
0.000000
0.000000
1.016000
0.508000
0.508000
0.508000
4.000000
4.000000
0.000000
0.000000
0.000000
0.000000
0.000000
3.583864
0.024940
33.020000
0.000000
60
1
0
0
0
0
0000000000000000
0
25
2.645833
1.000000
2.000000
0.000000
0.000000
0.000000
0.000000
0.000000
0.000000
0.000000
0
0
16
0
0
0
0
0
0
0.000000
0.000000
0.000000
0.000000
0.000000
0.000000
0.000000
0.000000
0.000000
Piega
1
Dati Generali
203.200000
1.905000
45
45
\Kvfile\Mat\50023TEMP
1
0
\Kvfile\Pnz\50281C
0
0
0.000000
0.000000
0.000000
0
0
0
0
0
0
0
0
0
0
0
0.000000
0.000000
0.000000
0.000000
0.000000
0.000000
Dati
1.498600
90.000000
90.000000
31.750000
31.750000
31.750000
31.750000
152.930813
152.930813
60.122300
60.122300
60.122300
60.122300
2032.000000
2153.920000
0.000000
0.000000
45.000000
45.000000
0.024940
0.000000
0.000000
0.000000
0.000000
0.000000
0.000000
0.000000
1.016000
0.508000
0.508000
0.508000
3.000000
3.000000
0.000000
0.000000
0.000000
0.000000
0.000000
3.583864
0.024940
33.020000
0.000000
60
1
0
0
0
0
0000000000000000
0
25
2.645833
1.000000
3.000000
0.000000
0.000000
0.000000
0.000000
0.000000
0.000000
0.000000
0
0
16
0
0
0
0
0
0
0.000000
0.000000
0.000000
0.000000
0.000000
0.000000
0.000000
0.000000
0.000000

[General]
BendNum=3
Mix=0
LoadedFirstTime=0
DeletedBend=0

[Bend1]
DirDieHolder=\Kvfile\DieHolder\
DieHolder=
ChkSumDieHolder=0
DirIntermediate=\Kvfile\Intermediate\
Intermediate=
ChkSumIntermediate=0
MinFlange=0.000000
SicAreaX=0.000000
SicAreaR=0.000000
SensPressActCrowning=0
SensPressFindMax=0
SensPressFindSpess=0
ConicalAngle=0.000000
Resistance=45
AddedBend=0
SplitdBend=0

[Bend2]
DirDieHolder=\Kvfile\DieHolder\
DieHolder=
ChkSumDieHolder=0
DirIntermediate=\Kvfile\Intermediate\
Intermediate=
ChkSumIntermediate=0
MinFlange=0.000000
SicAreaX=0.000000
SicAreaR=0.000000
SensPressActCrowning=0
SensPressFindMax=0
SensPressFindSpess=0
ConicalAngle=0.000000
Resistance=45
AddedBend=0
SplitdBend=0

[Bend3]
DirDieHolder=\Kvfile\DieHolder\
DieHolder=
ChkSumDieHolder=0
DirIntermediate=\Kvfile\Intermediate\
Intermediate=
ChkSumIntermediate=0
MinFlange=0.000000
SicAreaX=0.000000
SicAreaR=0.000000
SensPressActCrowning=0
SensPressFindMax=0
SensPressFindSpess=0
ConicalAngle=0.000000
Resistance=45
AddedBend=0
SplitdBend=0
