Programma Numerico da 20.0

2
0
5
1
1
0
0.000000
0.000000
\Kvfile\Mat\
\Kvfile\Pnz\
0.000000
0.000000
0.000000
0.000000
\Kvfile\Mat\
\Kvfile\Pnz\
0.000000
0.000000
0.000000
0.000000
\Kvfile\Mat\
\Kvfile\Pnz\
0.000000
0.000000
0.000000
0.000000
\Kvfile\Mat\
\Kvfile\Pnz\
0.000000
0.000000
0.000000
0.000000
0.000000
0.000000
0.000000
0.000000
0.000000
0.000000
2
4.572080
0
0.000000
0
0.000000
0
0.000000
0
0.000000
0
0.000000
0
0.000000
0
0.000000
0.000000
0.000000
0.000000
0.000000
0.000000
0.000000
0.000000
0.000000
0.000000
0.000000
TABLE1









Piega
1
Dati Generali
736.600000
3.175000
25
25
\Kvfile\Mat\1434104-410
1
0
\Kvfile\Pnz\50045X
0
0
0.000000
0.000000
0.000000
0
0
0
0
0
0
0
0
0
0
0
0.000000
0.000000
0.000000
0.000000
0.000000
0.000000
Dati
0.508000
90.000000
90.000000
7.874000
7.874000
7.874000
7.874000
174.311427
174.311427
83.715200
83.715200
83.715200
83.715200
1981.200000
2235.200000
0.000000
0.000000
45.000000
45.000000
0.163894
0.000000
0.000000
0.000000
0.000000
0.000000
0.000000
0.000000
1.016000
0.254000
1.016000
1.016000
-20.000000
-20.000000
0.000000
0.000000
0.000000
0.000000
0.000000
25.906685
0.163894
101.600000
0.000000
6
1
0
0
0
0
0000000000000000
0
120
1.332089
1.000000
1.000000
0.000000
0.000000
0.000000
0.000000
0.000000
0.000000
0.000000
0
0
16
0
0
0
0
0
0
0.000000
0.000000
0.000000
0.000000
0.000000
0.000000
0.000000
0.000000
0.000000
Piega
1
Dati Generali
736.600000
3.175000
25
25
\Kvfile\Mat\1434104-410
1
0
\Kvfile\Pnz\50045X
0
0
0.000000
0.000000
0.000000
0
0
1
0
0
0
0
0
0
0
0
0.000000
0.000000
0.000000
0.000000
0.000000
0.000000
Dati
1.270000
90.000000
90.000000
307.594000
307.594000
307.594000
307.594000
174.395816
174.395816
75.515200
75.515200
75.515200
75.515200
1828.800000
2311.400000
0.000000
0.000000
45.000000
45.000000
0.163894
0.000000
0.000000
0.000000
0.000000
0.000000
0.000000
0.000000
-18.729960
-18.983960
-18.983960
-18.983960
-18.500000
-18.500000
0.000000
0.000000
0.000000
0.000000
0.000000
25.906685
0.163894
101.600000
0.000000
6
1
0
0
0
0
0000000000000000
0
120
1.332089
1.000000
2.000000
0.000000
0.000000
0.000000
0.000000
0.000000
0.000000
0.000000
0
0
16
0
0
0
0
0
0
0.000000
0.000000
0.000000
0.000000
0.000000
0.000000
0.000000
0.000000
0.000000

[General]
BendNum=2
Mix=0
LoadedFirstTime=0
DeletedBend=0

[Bend1]
DirDieHolder=\Kvfile\DieHolder\
DieHolder=
ChkSumDieHolder=0
DirIntermediate=\Kvfile\Intermediate\
Intermediate=
ChkSumIntermediate=0
MinFlange=0.000000
SicAreaX=0.000000
SicAreaR=0.000000
SensPressActCrowning=0
SensPressFindMax=0
SensPressFindSpess=0
ConicalAngle=0.000000
Resistance=25
AddedBend=0
SplitdBend=0

[Bend2]
DirDieHolder=\Kvfile\DieHolder\
DieHolder=
ChkSumDieHolder=0
DirIntermediate=\Kvfile\Intermediate\
Intermediate=
ChkSumIntermediate=0
MinFlange=0.000000
SicAreaX=0.000000
SicAreaR=0.000000
SensPressActCrowning=0
SensPressFindMax=0
SensPressFindSpess=0
ConicalAngle=0.000000
Resistance=25
AddedBend=0
SplitdBend=0
