Programma Numerico da 20.0

2
0
2
1
1
0
0.000000
0.000000
\Kvfile\Mat\
\Kvfile\Pnz\
0.000000
0.000000
0.000000
0.000000
\Kvfile\Mat\
\Kvfile\Pnz\
0.000000
0.000000
0.000000
0.000000
\Kvfile\Mat\
\Kvfile\Pnz\
0.000000
0.000000
0.000000
0.000000
\Kvfile\Mat\
\Kvfile\Pnz\
0.000000
0.000000
0.000000
0.000000
0.000000
0.000000
0.000000
0.000000
0.000000
0.000000
2
4.186000
0
0.000000
0
0.000000
0
0.000000
0
0.000000
0
0.000000
0
0.000000
0
0.000000
0.000000
0.000000
0.000000
0.000000
0.000000
0.000000
0.000000
0.000000
0.000000
0.000000
TABLE1









Piega
1
Dati Generali
1828.800000
6.350000
45
45
\Kvfile\Mat\50300
1
0
\Kvfile\Pnz\50289C
0
0
0.000000
0.000000
0.000000
0
0
1
0
0
0
0
0
0
0
0
0.000000
0.000000
0.000000
0.000000
0.000000
0.000000
Dati
0.762000
90.000000
90.000000
230.378000
230.378000
230.378000
230.378000
148.967586
148.967586
71.476600
71.476600
71.476600
71.476600
1574.800000
2590.800000
0.000000
0.000000
45.000000
45.000000
1.000000
0.000000
0.000000
0.000000
0.000000
0.000000
0.000000
0.000000
-18.669000
-18.897600
-18.669000
-18.669000
-1.750000
-1.750000
0.000000
0.000000
0.000000
0.000000
0.000000
136.400000
1.000000
127.000000
1.397000
1
1
0
0
0
0
0000000000000000
0
88
10.583333
1.000000
1.000000
0.000000
0.000000
0.000000
0.000000
0.000000
0.000000
0.000000
0
0
16
0
0
0
0
0
0
0.000000
0.000000
0.000000
0.000000
0.000000
0.000000
0.000000
0.000000
0.000000
Piega
1
Dati Generali
1828.800000
6.350000
45
45
\Kvfile\Mat\50300
1
0
\Kvfile\Pnz\50289C
0
0
0.000000
0.000000
0.000000
0
0
0
0
0
0
0
0
0
0
0
0.000000
0.000000
0.000000
0.000000
0.000000
0.000000
Dati
0.889000
90.000000
90.000000
51.308000
51.308000
51.308000
51.308000
148.967586
148.967586
79.676600
78.651600
79.676600
79.676600
1574.800000
2590.800000
0.000000
0.000000
45.000000
45.000000
1.000000
0.000000
0.000000
0.000000
0.000000
0.000000
0.000000
0.000000
0.762000
0.254000
0.254000
0.254000
-1.750000
-1.750000
0.000000
0.000000
0.000000
0.000000
0.000000
136.400000
1.000000
127.000000
1.397000
1
1
0
0
0
0
0000000000000000
0
88
10.583333
1.000000
2.000000
0.000000
0.000000
0.000000
0.000000
0.000000
0.000000
0.000000
0
0
16
0
0
0
0
0
0
0.000000
0.000000
0.000000
0.000000
0.000000
0.000000
0.000000
0.000000
0.000000

[General]
BendNum=2
Mix=0
LoadedFirstTime=0
DeletedBend=0

[Bend1]
DirDieHolder=\Kvfile\DieHolder\
DieHolder=
ChkSumDieHolder=0
DirIntermediate=\Kvfile\Intermediate\
Intermediate=
ChkSumIntermediate=0
MinFlange=0.000000
SicAreaX=0.000000
SicAreaR=0.000000
SensPressActCrowning=0
SensPressFindMax=0
SensPressFindSpess=0
ConicalAngle=0.000000
Resistance=45
AddedBend=0
SplitdBend=0

[Bend2]
DirDieHolder=\Kvfile\DieHolder\
DieHolder=
ChkSumDieHolder=0
DirIntermediate=\Kvfile\Intermediate\
Intermediate=
ChkSumIntermediate=0
MinFlange=0.000000
SicAreaX=0.000000
SicAreaR=0.000000
SensPressActCrowning=0
SensPressFindMax=0
SensPressFindSpess=0
ConicalAngle=0.000000
Resistance=45
AddedBend=0
SplitdBend=0
