Programma Numerico da 20.0

3
0
4
1
1
0
0.000000
0.000000
\Kvfile\Mat\
\Kvfile\Pnz\
0.000000
0.000000
0.000000
0.000000
\Kvfile\Mat\
\Kvfile\Pnz\
0.000000
0.000000
0.000000
0.000000
\Kvfile\Mat\
\Kvfile\Pnz\
0.000000
0.000000
0.000000
0.000000
\Kvfile\Mat\
\Kvfile\Pnz\
0.000000
0.000000
0.000000
0.000000
0.000000
0.000000
0.000000
0.000000
0.000000
0.000000
3
4.572000
0
0.000000
0
0.000000
0
0.000000
0
0.000000
0
0.000000
0
0.000000
0
0.000000
0.000000
0.000000
0.000000
0.000000
0.000000
0.000000
0.000000
0.000000
0.000000
0.000000
TABLE1









Piega
1
Dati Generali
1066.800000
1.905000
45
45
\Kvfile\Mat\1434104-410
1
0
\Kvfile\Pnz\50045X
0
0
0.000000
0.000000
6.350000
0
0
0
0
0
0
0
0
0
0
0
0.000000
0.000000
0.000000
0.000000
0.000000
0.000000
Dati
0.508000
90.000000
90.000000
21.844000
21.844000
21.844000
21.844000
172.636087
172.636087
80.467700
80.467700
80.467700
80.467700
1697.780000
2551.220000
0.000000
0.000000
45.000000
45.000000
0.144325
0.000000
0.000000
0.000000
0.000000
0.000000
0.000000
0.000000
0.762000
0.254000
0.762000
0.762000
-17.000000
-17.000000
0.000000
0.000000
0.000000
0.000000
0.000000
24.319129
0.144325
50.800000
0.000000
1
1
0
0
0
0
0000000000000000
0
120
1.998133
1.000000
1.000000
0.000000
0.000000
0.000000
0.000000
0.000000
0.000000
0.000000
0
0
16
0
0
0
0
0
0
0.000000
0.000000
0.000000
0.000000
0.000000
0.000000
0.000000
0.000000
0.000000
Piega
1
Dati Generali
1066.800000
1.905000
45
45
\Kvfile\Mat\1434104-410
1
0
\Kvfile\Pnz\50045X
0
0
0.000000
0.000000
6.350000
0
0
0
0
0
0
0
0
0
0
0
0.000000
0.000000
0.000000
0.000000
0.000000
0.000000
Dati
0.508000
90.000000
90.000000
36.576000
36.576000
36.576000
36.576000
172.636087
172.636087
83.715200
83.715200
83.715200
83.715200
1697.780000
2551.220000
0.000000
0.000000
45.000000
45.000000
0.188722
0.000000
0.000000
0.000000
0.000000
0.000000
0.000000
0.000000
0.762000
0.254000
0.762000
0.762000
-17.000000
-17.000000
0.000000
0.000000
0.000000
0.000000
0.000000
31.800000
0.188722
50.800000
0.000000
1
1
0
0
0
0
0000000000000000
0
120
1.998133
1.000000
2.000000
0.000000
0.000000
0.000000
0.000000
0.000000
0.000000
0.000000
0
0
16
0
0
0
0
0
0
0.000000
0.000000
0.000000
0.000000
0.000000
0.000000
0.000000
0.000000
0.000000
Piega
1
Dati Generali
1066.800000
1.905000
45
45
\Kvfile\Mat\1434104-410
1
0
\Kvfile\Pnz\50045X
0
0
0.000000
0.000000
6.350000
0
0
0
0
0
0
0
0
0
0
0
0.000000
0.000000
0.000000
0.000000
0.000000
0.000000
Dati
0.508000
90.000000
90.000000
40.640000
40.640000
40.640000
40.640000
172.636087
172.636087
80.467700
80.467700
80.467700
80.467700
1697.780000
2551.220000
0.000000
0.000000
45.000000
45.000000
0.188722
0.000000
0.000000
0.000000
0.000000
0.000000
0.000000
0.000000
0.762000
0.254000
0.762000
0.762000
-17.000000
-17.000000
0.000000
0.000000
0.000000
0.000000
0.000000
31.800000
0.188722
101.600000
0.000000
1
1
0
0
0
0
0000000000000000
0
120
1.998133
1.000000
3.000000
0.000000
0.000000
0.000000
0.000000
0.000000
0.000000
0.000000
0
0
16
0
0
0
0
0
0
0.000000
0.000000
0.000000
0.000000
0.000000
0.000000
0.000000
0.000000
0.000000

[General]
BendNum=3
Mix=0
LoadedFirstTime=0
DeletedBend=0

[Bend1]
DirDieHolder=\Kvfile\DieHolder\
DieHolder=
ChkSumDieHolder=0
DirIntermediate=\Kvfile\Intermediate\
Intermediate=
ChkSumIntermediate=0
MinFlange=0.000000
SicAreaX=0.000000
SicAreaR=0.000000
SensPressActCrowning=0
SensPressFindMax=0
SensPressFindSpess=0
ConicalAngle=0.000000
Resistance=45
AddedBend=0
SplitdBend=0

[Bend2]
DirDieHolder=\Kvfile\DieHolder\
DieHolder=
ChkSumDieHolder=0
DirIntermediate=\Kvfile\Intermediate\
Intermediate=
ChkSumIntermediate=0
MinFlange=0.000000
SicAreaX=0.000000
SicAreaR=0.000000
SensPressActCrowning=0
SensPressFindMax=0
SensPressFindSpess=0
ConicalAngle=0.000000
Resistance=45
AddedBend=0
SplitdBend=0

[Bend3]
DirDieHolder=\Kvfile\DieHolder\
DieHolder=
ChkSumDieHolder=0
DirIntermediate=\Kvfile\Intermediate\
Intermediate=
ChkSumIntermediate=0
MinFlange=0.000000
SicAreaX=0.000000
SicAreaR=0.000000
SensPressActCrowning=0
SensPressFindMax=0
SensPressFindSpess=0
ConicalAngle=0.000000
Resistance=45
AddedBend=0
SplitdBend=0
