Programma Numerico da 20.0
bend both on end of hook on backstops
2
0
53
1
1
0
0.000000
0.000000
\Kvfile\Mat\
\Kvfile\Pnz\
0.000000
0.000000
0.000000
0.000000
\Kvfile\Mat\
\Kvfile\Pnz\
0.000000
0.000000
0.000000
0.000000
\Kvfile\Mat\
\Kvfile\Pnz\
0.000000
0.000000
0.000000
0.000000
\Kvfile\Mat\
\Kvfile\Pnz\
0.000000
0.000000
0.000000
0.000000
0.000000
0.000000
0.000000
0.000000
0.000000
0.000000
2
-39.116000
0
0.000000
0
0.000000
0
0.000000
0
0.000000
0
0.000000
0
0.000000
0
0.000000
0.000000
0.000000
0.000000
0.000000
0.000000
0.000000
0.000000
0.000000
0.000000
0.000000
TABLE1









Piega
1
Dati Generali
76.200000
1.905000
45
45
\Kvfile\Mat\1434104-410
1
0
\Kvfile\Pnz\50045X
0
0
0.000000
0.000000
12.700000
0
0
0
0
0
0
0
0
0
0
0
0.000000
0.000000
0.000000
0.000000
0.000000
0.000000
Dati
0.254000
90.000000
90.000000
331.724000
331.724000
331.724000
331.724000
173.046070
173.046070
80.467700
80.467700
80.467700
80.467700
2159.000000
2248.999820
0.000000
0.000000
45.000000
45.000000
0.013010
0.000000
0.000000
0.000000
0.000000
0.000000
0.000000
0.000000
-9.906000
-9.398000
-9.398000
-9.398000
-11.000000
-11.000000
0.000000
0.000000
0.000000
0.000000
0.000000
1.829938
0.013010
127.000000
0.000000
1
1
0
0
0
0
0000000000000000
0
120
1.998133
1.000000
1.000000
0.000000
0.000000
0.000000
0.000000
0.000000
0.000000
0.000000
0
0
16
0
0
0
0
0
0
0.000000
0.000000
0.000000
0.000000
0.000000
0.000000
0.000000
0.000000
0.000000
Piega
1
Dati Generali
76.200000
1.905000
45
45
\Kvfile\Mat\1434104-410
1
0
\Kvfile\Pnz\50045X
0
0
0.000000
0.000000
12.700000
0
0
0
0
0
0
0
0
0
0
0
0.000000
0.000000
0.000000
0.000000
0.000000
0.000000
Dati
0.254000
90.000000
90.000000
39.878000
39.878000
39.878000
39.878000
173.046070
173.046070
80.467700
80.467700
80.467700
80.467700
2159.000000
2249.000000
0.000000
0.000000
45.000000
45.000000
0.013010
0.000000
0.000000
0.000000
0.000000
0.000000
0.000000
0.000000
-9.652000
-9.652000
-9.652000
-9.652000
-11.000000
-11.000000
0.000000
0.000000
0.000000
0.000000
0.000000
1.829938
0.013010
127.000000
0.000000
1
1
0
0
0
0
0000000000000000
0
120
1.998133
1.000000
2.000000
0.000000
0.000000
0.000000
0.000000
0.000000
0.000000
0.000000
0
0
16
0
0
0
0
0
0
0.000000
0.000000
0.000000
0.000000
0.000000
0.000000
0.000000
0.000000
0.000000

[General]
BendNum=2
Mix=0
LoadedFirstTime=0
DeletedBend=0

[Bend1]
DirDieHolder=\Kvfile\DieHolder\
DieHolder=
ChkSumDieHolder=0
DirIntermediate=\Kvfile\Intermediate\
Intermediate=
ChkSumIntermediate=0
MinFlange=0.000000
SicAreaX=0.000000
SicAreaR=0.000000
SensPressActCrowning=0
SensPressFindMax=0
SensPressFindSpess=0
ConicalAngle=0.000000
Resistance=45
AddedBend=0
SplitdBend=0

[Bend2]
DirDieHolder=\Kvfile\DieHolder\
DieHolder=
ChkSumDieHolder=0
DirIntermediate=\Kvfile\Intermediate\
Intermediate=
ChkSumIntermediate=0
MinFlange=0.000000
SicAreaX=0.000000
SicAreaR=0.000000
SensPressActCrowning=0
SensPressFindMax=0
SensPressFindSpess=0
ConicalAngle=0.000000
Resistance=45
AddedBend=0
SplitdBend=0
