Programma Numerico da 20.0

3
0
5
1
1
0
0.000000
0.000000
\Kvfile\Mat\
\Kvfile\Pnz\
0.000000
0.000000
0.000000
0.000000
\Kvfile\Mat\
\Kvfile\Pnz\
0.000000
0.000000
0.000000
0.000000
\Kvfile\Mat\
\Kvfile\Pnz\
0.000000
0.000000
0.000000
0.000000
\Kvfile\Mat\
\Kvfile\Pnz\
0.000000
0.000000
0.000000
0.000000
0.000000
0.000000
0.000000
0.000000
0.000000
0.000000
3
-1.016000
0
0.000000
0
0.000000
0
0.000000
0
0.000000
0
0.000000
0
0.000000
0
0.000000
0.000000
0.000000
0.000000
0.000000
0.000000
0.000000
0.000000
0.000000
0.000000
0.000000
TABLE1









Piega
1
Dati Generali
203.200000
4.445000
45
45
\Kvfile\Mat\51026temp
1
0
\Kvfile\Pnz\50281C
0
0
0.000000
0.000000
6.350000
0
0
0
0
0
0
0
0
0
0
0
0.000000
0.000000
0.000000
0.000000
0.000000
0.000000
Dati
0.508000
90.000000
90.000000
56.642000
56.642000
56.642000
56.642000
168.786722
168.440267
76.886300
76.886300
76.886300
76.886300
2043.220000
2205.780000
0.000000
0.000000
45.000000
45.000000
0.070703
0.000000
0.000000
0.000000
0.000000
0.000000
0.000000
0.000000
0.000000
0.000000
0.000000
0.000000
11.750000
9.000000
0.000000
0.000000
0.000000
0.000000
0.000000
10.160000
0.070703
101.600000
0.381000
2
1
0
0
0
0
0000000000000000
0
116
4.165600
1.000000
1.000000
0.000000
0.000000
0.000000
0.000000
0.000000
0.000000
0.000000
0
0
16
0
0
0
0
0
0
0.000000
0.000000
0.000000
0.000000
0.000000
0.000000
0.000000
0.000000
0.000000
Piega
1
Dati Generali
660.400000
4.445000
45
45
\Kvfile\Mat\51026temp
1
0
\Kvfile\Pnz\50281C
0
0
0.000000
0.000000
6.350000
0
0
0
0
0
0
0
0
0
0
0
0.000000
0.000000
0.000000
0.000000
0.000000
0.000000
Dati
0.508000
90.000000
90.000000
38.100000
38.100000
38.100000
38.100000
167.723552
167.922463
76.886300
76.886300
76.886300
76.886300
1860.340000
2388.660000
0.000000
0.000000
45.000000
45.000000
0.211879
0.000000
0.000000
0.000000
0.000000
0.000000
0.000000
0.000000
-0.254000
-0.254000
-0.254000
-0.254000
3.500000
5.000000
0.000000
0.000000
0.000000
0.000000
0.000000
33.020000
0.211879
127.000000
0.381000
2
1
0
0
0
0
0000000000000000
0
116
4.165600
1.000000
2.000000
0.000000
0.000000
0.000000
0.000000
0.000000
0.000000
0.000000
0
0
16
0
0
0
0
0
0
0.000000
0.000000
0.000000
0.000000
0.000000
0.000000
0.000000
0.000000
0.000000
Piega
1
Dati Generali
660.400000
4.445000
45
45
\Kvfile\Mat\51026temp
1
0
\Kvfile\Pnz\50281C
0
0
-1.270000
0.000000
6.350000
0
0
0
0
0
0
0
0
0
0
0
0.000000
0.000000
0.000000
0.000000
0.000000
0.000000
Dati
0.508000
90.000000
90.000000
51.562000
51.562000
51.562000
51.562000
167.723552
167.922463
74.930000
74.930000
74.930000
74.930000
1860.340000
2388.660000
0.000000
0.000000
45.000000
45.000000
0.211879
0.000000
0.000000
0.000000
0.000000
0.000000
0.000000
0.000000
-0.254000
-0.254000
-0.254000
-0.254000
3.500000
5.000000
63.500000
63.500000
63.500000
63.500000
0.000000
33.020000
0.211879
127.000000
0.000000
2
1
0
0
0
0
0000000000000000
0
116
4.165600
1.000000
3.000000
0.000000
0.000000
0.000000
0.000000
0.000000
0.000000
0.000000
0
0
16
0
0
0
0
0
0
0.000000
0.000000
0.000000
0.000000
0.000000
0.000000
0.000000
0.000000
0.000000

[General]
BendNum=3
Mix=0
LoadedFirstTime=0
DeletedBend=0

[Bend1]
DirDieHolder=\Kvfile\DieHolder\
DieHolder=
ChkSumDieHolder=0
DirIntermediate=\Kvfile\Intermediate\
Intermediate=
ChkSumIntermediate=0
MinFlange=0.000000
SicAreaX=0.000000
SicAreaR=0.000000
SensPressActCrowning=0
SensPressFindMax=0
SensPressFindSpess=0
ConicalAngle=0.000000
Resistance=45
AddedBend=0
SplitdBend=0

[Bend2]
DirDieHolder=\Kvfile\DieHolder\
DieHolder=
ChkSumDieHolder=0
DirIntermediate=\Kvfile\Intermediate\
Intermediate=
ChkSumIntermediate=0
MinFlange=0.000000
SicAreaX=0.000000
SicAreaR=0.000000
SensPressActCrowning=0
SensPressFindMax=0
SensPressFindSpess=0
ConicalAngle=0.000000
Resistance=45
AddedBend=0
SplitdBend=0

[Bend3]
DirDieHolder=\Kvfile\DieHolder\
DieHolder=
ChkSumDieHolder=0
DirIntermediate=\Kvfile\Intermediate\
Intermediate=
ChkSumIntermediate=0
MinFlange=0.000000
SicAreaX=0.000000
SicAreaR=0.000000
SensPressActCrowning=0
SensPressFindMax=0
SensPressFindSpess=0
ConicalAngle=0.000000
Resistance=45
AddedBend=0
SplitdBend=0
