Programma Numerico da 20.0

2
0
1
1
1
0
0.000000
0.000000
\Kvfile\Mat\
\Kvfile\Pnz\
0.000000
0.000000
0.000000
0.000000
\Kvfile\Mat\
\Kvfile\Pnz\
0.000000
0.000000
0.000000
0.000000
\Kvfile\Mat\
\Kvfile\Pnz\
0.000000
0.000000
0.000000
0.000000
\Kvfile\Mat\
\Kvfile\Pnz\
0.000000
0.000000
0.000000
0.000000
0.000000
0.000000
0.000000
0.000000
0.000000
0.000000
2
5.080080
0
0.000000
0
0.000000
0
0.000000
0
0.000000
0
0.000000
0
0.000000
0
0.000000
0.000000
0.000000
0.000000
0.000000
0.000000
0.000000
0.000000
0.000000
0.000000
0.000000
TABLE1









Piega
1
Dati Generali
247.650000
3.429000
45
45
\Kvfile\Mat\50240
1
0
\Kvfile\Pnz\50248X
0
0
0.000000
0.000000
0.000000
0
0
0
0
0
0
0
0
0
0
0
0.000000
0.000000
0.000000
0.000000
0.000000
0.000000
Dati
0.508000
90.000000
90.000000
35.306000
35.306000
35.306000
35.306000
191.884424
191.884424
54.860800
52.375300
54.860800
54.860800
2021.840000
2159.000000
0.000000
0.000000
45.000000
45.000000
0.060071
0.000000
0.000000
0.000000
0.000000
0.000000
0.000000
0.000000
1.016000
0.000000
0.000000
0.000000
-7.000000
-7.000000
0.000000
0.000000
0.000000
0.000000
0.000000
8.698067
0.060071
127.000000
0.000000
1
1
0
0
0
0
0000000000000000
0
248
4.233333
1.000000
1.000000
0.000000
0.000000
0.000000
0.000000
0.000000
0.000000
0.000000
0
0
16
0
0
0
0
0
0
0.000000
0.000000
0.000000
0.000000
0.000000
0.000000
0.000000
0.000000
0.000000
Piega
1
Dati Generali
31.750000
3.429000
45
45
\Kvfile\Mat\50240
1
0
\Kvfile\Pnz\50248X
0
0
0.000000
0.000000
0.000000
0
0
1
0
0
0
0
0
0
0
0
0.000000
0.000000
0.000000
0.000000
0.000000
0.000000
Dati
0.508000
90.000000
90.000000
251.206000
251.206000
251.206000
251.206000
192.178531
192.178531
46.660800
46.660800
46.660800
46.660800
2021.840000
2111.840000
0.000000
0.000000
45.000000
45.000000
0.008611
0.000000
0.000000
0.000000
0.000000
0.000000
0.000000
0.000000
-18.475960
-18.983960
-18.983960
-18.983960
-5.000000
-5.000000
0.000000
0.000000
0.000000
0.000000
0.000000
1.202316
0.008611
50.800000
0.000000
1
1
0
0
0
0
0000000000000000
0
248
4.233333
1.000000
2.000000
0.000000
0.000000
0.000000
0.000000
0.000000
0.000000
0.000000
0
0
16
0
0
0
0
0
0
0.000000
0.000000
0.000000
0.000000
0.000000
0.000000
0.000000
0.000000
0.000000

[General]
BendNum=2
Mix=0
LoadedFirstTime=0
DeletedBend=0

[Bend1]
DirDieHolder=\Kvfile\DieHolder\
DieHolder=
ChkSumDieHolder=0
DirIntermediate=\Kvfile\Intermediate\
Intermediate=
ChkSumIntermediate=0
MinFlange=0.000000
SicAreaX=0.000000
SicAreaR=0.000000
SensPressActCrowning=0
SensPressFindMax=0
SensPressFindSpess=0
ConicalAngle=0.000000
Resistance=45
AddedBend=0
SplitdBend=0

[Bend2]
DirDieHolder=\Kvfile\DieHolder\
DieHolder=
ChkSumDieHolder=0
DirIntermediate=\Kvfile\Intermediate\
Intermediate=
ChkSumIntermediate=0
MinFlange=0.000000
SicAreaX=0.000000
SicAreaR=0.000000
SensPressActCrowning=0
SensPressFindMax=0
SensPressFindSpess=0
ConicalAngle=0.000000
Resistance=45
AddedBend=0
SplitdBend=0
