Programma Numerico da 20.0

1
0
1
1
1
0
0.000000
0.000000
\Kvfile\Mat\
\Kvfile\Pnz\
0.000000
0.000000
0.000000
0.000000
\Kvfile\Mat\
\Kvfile\Pnz\
0.000000
0.000000
0.000000
0.000000
\Kvfile\Mat\
\Kvfile\Pnz\
0.000000
0.000000
0.000000
0.000000
\Kvfile\Mat\
\Kvfile\Pnz\
0.000000
0.000000
0.000000
0.000000
0.000000
0.000000
0.000000
0.000000
0.000000
0.000000
1
0.762000
0
0.000000
0
0.000000
0
0.000000
0
0.000000
0
0.000000
0
0.000000
0
0.000000
0.000000
0.000000
0.000000
0.000000
0.000000
0.000000
0.000000
0.000000
0.000000
0.000000
TABLE1









Piega
1
Dati Generali
2082.800000
4.445000
45
45
\Kvfile\Mat\50240
1
0
\Kvfile\Pnz\50052X
0
0
0.000000
0.000000
0.000000
0
0
0
0
0
0
0
0
0
0
0
0.000000
0.000000
0.000000
0.000000
0.000000
0.000000
Dati
0.508000
90.000000
90.000000
28.956000
28.956000
28.956000
28.956000
142.704115
142.704115
52.883300
52.883300
52.883300
52.883300
1291.380000
2957.620000
0.000000
0.000000
45.000000
45.000000
1.200000
0.000000
0.000000
0.000000
0.000000
0.000000
0.000000
0.000000
0.381000
0.254000
0.254000
0.254000
-5.000000
-5.000000
0.000000
0.000000
0.000000
0.000000
0.000000
121.611854
1.200000
127.000000
0.000000
1
1
0
0
0
0
0000000000000000
0
9
4.233333
1.000000
1.000000
0.000000
0.000000
0.000000
0.000000
0.000000
0.000000
0.000000
0
0
16
0
0
0
0
0
0
0.000000
0.000000
0.000000
0.000000
0.000000
0.000000
0.000000
0.000000
0.000000

[General]
BendNum=1
Mix=0
LoadedFirstTime=0
DeletedBend=0

[Bend1]
DirDieHolder=\Kvfile\DieHolder\
DieHolder=
ChkSumDieHolder=0
DirIntermediate=\Kvfile\Intermediate\
Intermediate=
ChkSumIntermediate=0
MinFlange=0.000000
SicAreaX=0.000000
SicAreaR=0.000000
SensPressActCrowning=0
SensPressFindMax=0
SensPressFindSpess=0
ConicalAngle=0.000000
Resistance=45
AddedBend=0
SplitdBend=0
