Programma Numerico da 20.0

2
0
0
1
1
0
0.000000
0.000000
\Kvfile\Mat\
\Kvfile\Pnz\
0.000000
0.000000
0.000000
0.000000
\Kvfile\Mat\
\Kvfile\Pnz\
0.000000
0.000000
0.000000
0.000000
\Kvfile\Mat\
\Kvfile\Pnz\
0.000000
0.000000
0.000000
0.000000
\Kvfile\Mat\
\Kvfile\Pnz\
0.000000
0.000000
0.000000
0.000000
0.000000
0.000000
0.000000
0.000000
0.000000
0.000000
2
4.064000
0
0.000000
0
0.000000
0
0.000000
0
0.000000
0
0.000000
0
0.000000
0
0.000000
0.000000
0.000000
0.000000
0.000000
0.000000
0.000000
0.000000
0.000000
0.000000
0.000000
TABLE1









Piega
1
Dati Generali
95.250000
3.429000
65
65
\Kvfile\Mat\51026temp
1
0
\Kvfile\Pnz\50045X
0
0
0.000000
0.000000
0.000000
0
0
0
0
0
0
0
0
0
0
0
0.000000
0.000000
0.000000
0.000000
0.000000
0.000000
Dati
0.762000
45.000000
45.000000
19.304000
19.304000
19.304000
19.304000
156.812277
156.812277
78.863800
78.863800
78.863800
78.863800
2079.500000
2169.500000
0.000000
0.000000
53.000000
53.000000
0.033752
0.000000
0.000000
0.000000
0.000000
0.000000
0.000000
0.000000
1.016000
0.254000
0.254000
0.254000
7.000000
7.000000
0.000000
0.000000
0.000000
0.000000
0.000000
4.762500
0.033752
76.200000
0.000000
25
1
0
0
0
0
0000000000000000
0
233
5.317787
1.000000
1.000000
0.000000
0.000000
0.000000
0.000000
0.000000
0.000000
0.000000
0
0
16
0
0
0
0
0
0
0.000000
0.000000
0.000000
0.000000
0.000000
0.000000
0.000000
0.000000
0.000000
Piega
1
Dati Generali
95.250000
3.429000
65
65
\Kvfile\Mat\50023TEMP
1
0
\Kvfile\Pnz\50045X
0
0
0.000000
0.000000
0.000000
0
0
0
0
0
0
0
0
0
0
0
0.000000
0.000000
0.000000
0.000000
0.000000
0.000000
Dati
0.762000
90.000000
90.000000
34.798000
34.798000
34.798000
34.798000
153.429829
153.429829
60.884300
60.884300
60.884300
60.884300
2079.500000
2169.500000
0.000000
0.000000
45.000000
45.000000
0.050290
0.000000
0.000000
0.000000
0.000000
0.000000
0.000000
0.000000
1.016000
0.254000
0.254000
0.254000
6.000000
6.000000
0.000000
0.000000
0.000000
0.000000
0.000000
7.096125
0.050290
76.200000
0.000000
25
1
0
0
0
0
0000000000000000
0
142
3.377660
1.000000
2.000000
0.000000
0.000000
0.000000
0.000000
0.000000
0.000000
0.000000
0
0
16
0
0
0
0
0
0
0.000000
0.000000
0.000000
0.000000
0.000000
0.000000
0.000000
0.000000
0.000000

[General]
BendNum=2
Mix=0
LoadedFirstTime=0
DeletedBend=0

[Bend1]
DirDieHolder=\Kvfile\DieHolder\
DieHolder=
ChkSumDieHolder=0
DirIntermediate=\Kvfile\Intermediate\
Intermediate=
ChkSumIntermediate=0
MinFlange=0.000000
SicAreaX=0.000000
SicAreaR=0.000000
SensPressActCrowning=0
SensPressFindMax=0
SensPressFindSpess=0
ConicalAngle=0.000000
Resistance=65
AddedBend=0
SplitdBend=0

[Bend2]
DirDieHolder=\Kvfile\DieHolder\
DieHolder=
ChkSumDieHolder=0
DirIntermediate=\Kvfile\Intermediate\
Intermediate=
ChkSumIntermediate=0
MinFlange=0.000000
SicAreaX=0.000000
SicAreaR=0.000000
SensPressActCrowning=0
SensPressFindMax=0
SensPressFindSpess=0
ConicalAngle=0.000000
Resistance=65
AddedBend=0
SplitdBend=0
