Programma Numerico da 20.0

6
0
76
1
1
0
0.000000
0.000000
\Kvfile\Mat\
\Kvfile\Pnz\
0.000000
0.000000
0.000000
0.000000
\Kvfile\Mat\
\Kvfile\Pnz\
0.000000
0.000000
0.000000
0.000000
\Kvfile\Mat\
\Kvfile\Pnz\
0.000000
0.000000
0.000000
0.000000
\Kvfile\Mat\
\Kvfile\Pnz\
0.000000
0.000000
0.000000
0.000000
0.000000
0.000000
0.000000
0.000000
0.000000
0.000000
6
14.224160
0
0.000000
0
0.000000
0
0.000000
0
0.000000
0
0.000000
0
0.000000
0
0.000000
0.000000
0.000000
0.000000
0.000000
0.000000
0.000000
0.000000
0.000000
0.000000
0.000000
TABLE1









Piega
1
Dati Generali
50.800000
3.048000
45
45
\Kvfile\Mat\1434104-410
1
0
\Kvfile\Pnz\50248X
0
0
0.000000
0.000000
0.000000
0
0
0
0
0
0
0
0
0
0
0
0.000000
0.000000
0.000000
0.000000
0.000000
0.000000
Dati
1.397000
165.000000
165.000000
44.450000
44.450000
44.450000
44.450000
230.726169
230.726169
81.039200
81.039200
81.039200
81.039200
2159.000000
2619.500000
0.000000
0.000000
7.500000
7.500000
0.021794
0.000000
0.000000
0.000000
0.000000
0.000000
0.000000
0.000000
1.016000
0.000000
0.000000
0.000000
-11.000000
-11.000000
0.000000
0.000000
0.000000
0.000000
1.500000
3.052427
0.021794
101.600000
0.000000
1
1
0
0
0
0
0000000000000000
0
180
1.998133
1.000000
1.000000
0.000000
0.000000
0.000000
0.000000
0.000000
0.000000
0.000000
0
0
16
0
0
0
0
0
0
0.000000
0.000000
0.000000
0.000000
0.000000
0.000000
0.000000
0.000000
0.000000
Piega
1
Dati Generali
50.800000
3.048000
45
45
\Kvfile\Mat\1434104-410
1
0
\Kvfile\Pnz\50248X
0
0
0.000000
0.000000
0.000000
0
0
0
0
0
0
0
0
0
0
0
0.000000
0.000000
0.000000
0.000000
0.000000
0.000000
Dati
1.397000
90.000000
90.000000
54.610000
54.610000
54.610000
54.610000
227.110673
227.110673
71.120000
81.039200
81.039200
81.039200
1955.800000
2045.800000
0.000000
0.000000
45.000000
45.000000
0.021794
0.000000
0.000000
0.000000
0.000000
0.000000
0.000000
0.000000
1.016000
0.000000
0.000000
0.000000
-12.000000
-12.000000
0.000000
0.000000
0.000000
0.000000
0.000000
3.052427
0.021794
101.600000
0.000000
1
1
0
0
0
0
0000000000000000
0
180
1.998133
1.000000
2.000000
0.000000
0.000000
0.000000
0.000000
0.000000
0.000000
0.000000
0
0
16
0
0
0
0
0
0
0.000000
0.000000
0.000000
0.000000
0.000000
0.000000
0.000000
0.000000
0.000000
Piega
1
Dati Generali
165.100000
3.048000
45
45
\Kvfile\Mat\1434104-410
1
0
\Kvfile\Pnz\50248X
0
0
0.000000
0.000000
0.000000
0
0
0
0
0
0
0
0
0
0
0
0.000000
0.000000
0.000000
0.000000
0.000000
0.000000
Dati
1.397000
90.000000
90.000000
60.960000
60.960000
60.960000
60.960000
226.972797
226.972797
81.039200
81.039200
81.039200
81.039200
2044.700000
2134.700000
0.000000
0.000000
45.000000
45.000000
0.067908
0.000000
0.000000
0.000000
0.000000
0.000000
0.000000
0.000000
1.016000
0.000000
0.000000
0.000000
-14.500000
-14.500000
0.000000
0.000000
0.000000
0.000000
0.000000
9.695388
0.067908
101.600000
0.000000
1
1
0
0
0
0
0000000000000000
0
180
1.998133
1.000000
3.000000
0.000000
0.000000
0.000000
0.000000
0.000000
0.000000
0.000000
0
0
16
0
0
0
0
0
0
0.000000
0.000000
0.000000
0.000000
0.000000
0.000000
0.000000
0.000000
0.000000
Piega
1
Dati Generali
165.100000
3.048000
45
45
\Kvfile\Mat\1434104-410
1
0
\Kvfile\Pnz\50248X
0
0
0.000000
0.000000
0.000000
0
0
1
0
0
0
0
0
0
0
0
0.000000
0.000000
0.000000
0.000000
0.000000
0.000000
Dati
0.762000
88.000000
88.000000
70.104000
70.104000
70.104000
70.104000
226.859944
226.859944
75.515200
75.515200
75.515200
75.515200
2044.700000
2134.700000
0.000000
0.000000
46.000000
46.000000
0.067908
0.000000
0.000000
0.000000
0.000000
0.000000
0.000000
0.000000
-18.475960
-18.983960
-18.475960
-18.475960
-14.500000
-14.500000
0.000000
0.000000
0.000000
0.000000
0.000000
9.695388
0.067908
101.600000
0.000000
1
1
0
0
0
0
0000000000000000
0
180
1.998133
1.000000
4.000000
0.000000
0.000000
0.000000
0.000000
0.000000
0.000000
0.000000
0
0
16
0
0
0
0
0
0
0.000000
0.000000
0.000000
0.000000
0.000000
0.000000
0.000000
0.000000
0.000000
Piega
1
Dati Generali
165.100000
3.048000
45
45
\Kvfile\Mat\1434104-410
1
0
\Kvfile\Pnz\50248X
0
0
0.000000
0.000000
0.000000
0
0
0
0
0
0
0
0
0
0
0
0.000000
0.000000
0.000000
0.000000
0.000000
0.000000
Dati
1.397000
90.000000
90.000000
16.510000
16.510000
16.510000
16.510000
226.972797
226.972797
83.715200
81.039200
83.715200
83.715200
2120.900000
2210.900000
0.000000
0.000000
45.000000
45.000000
0.067908
0.000000
0.000000
0.000000
0.000000
0.000000
0.000000
0.000000
1.016000
0.000000
0.000000
0.000000
-14.500000
-14.500000
0.000000
0.000000
0.000000
0.000000
0.000000
9.695388
0.067908
101.600000
0.000000
1
1
0
0
0
0
0000000000000000
0
180
1.998133
1.000000
5.000000
0.000000
0.000000
0.000000
0.000000
0.000000
0.000000
0.000000
0
0
16
0
0
0
0
0
0
0.000000
0.000000
0.000000
0.000000
0.000000
0.000000
0.000000
0.000000
0.000000
Piega
1
Dati Generali
165.100000
3.048000
45
45
\Kvfile\Mat\1434104-410
1
0
\Kvfile\Pnz\50248X
0
0
0.000000
0.000000
0.000000
0
0
1
0
0
0
0
0
0
0
0
0.000000
0.000000
0.000000
0.000000
0.000000
0.000000
Dati
1.016000
90.000000
90.000000
54.356000
54.356000
54.356000
54.356000
227.028353
227.028353
76.200000
76.200000
76.200000
76.200000
2120.900000
2210.900000
0.000000
0.000000
45.000000
45.000000
0.067908
0.000000
0.000000
0.000000
0.000000
0.000000
0.000000
0.000000
-18.475960
-18.983960
-18.983960
-18.983960
-13.500000
-13.500000
0.000000
0.000000
0.000000
0.000000
0.000000
9.695388
0.067908
152.400000
0.000000
1
1
0
0
0
0
0000000000000000
0
180
1.998133
1.000000
6.000000
0.000000
0.000000
0.000000
0.000000
0.000000
0.000000
0.000000
0
0
16
0
0
0
0
0
0
0.000000
0.000000
0.000000
0.000000
0.000000
0.000000
0.000000
0.000000
0.000000

[General]
BendNum=6
Mix=0
LoadedFirstTime=0
DeletedBend=0

[Bend1]
DirDieHolder=\Kvfile\DieHolder\
DieHolder=
ChkSumDieHolder=0
DirIntermediate=\Kvfile\Intermediate\
Intermediate=
ChkSumIntermediate=0
MinFlange=0.000000
SicAreaX=0.000000
SicAreaR=0.000000
SensPressActCrowning=0
SensPressFindMax=0
SensPressFindSpess=0
ConicalAngle=0.000000
Resistance=45
AddedBend=0
SplitdBend=0

[Bend2]
DirDieHolder=\Kvfile\DieHolder\
DieHolder=
ChkSumDieHolder=0
DirIntermediate=\Kvfile\Intermediate\
Intermediate=
ChkSumIntermediate=0
MinFlange=0.000000
SicAreaX=0.000000
SicAreaR=0.000000
SensPressActCrowning=0
SensPressFindMax=0
SensPressFindSpess=0
ConicalAngle=0.000000
Resistance=45
AddedBend=0
SplitdBend=0

[Bend3]
DirDieHolder=\Kvfile\DieHolder\
DieHolder=
ChkSumDieHolder=0
DirIntermediate=\Kvfile\Intermediate\
Intermediate=
ChkSumIntermediate=0
MinFlange=0.000000
SicAreaX=0.000000
SicAreaR=0.000000
SensPressActCrowning=0
SensPressFindMax=0
SensPressFindSpess=0
ConicalAngle=0.000000
Resistance=45
AddedBend=0
SplitdBend=0

[Bend4]
DirDieHolder=\Kvfile\DieHolder\
DieHolder=
ChkSumDieHolder=0
DirIntermediate=\Kvfile\Intermediate\
Intermediate=
ChkSumIntermediate=0
MinFlange=0.000000
SicAreaX=0.000000
SicAreaR=0.000000
SensPressActCrowning=0
SensPressFindMax=0
SensPressFindSpess=0
ConicalAngle=0.000000
Resistance=45
AddedBend=0
SplitdBend=0

[Bend5]
DirDieHolder=\Kvfile\DieHolder\
DieHolder=
ChkSumDieHolder=0
DirIntermediate=\Kvfile\Intermediate\
Intermediate=
ChkSumIntermediate=0
MinFlange=0.000000
SicAreaX=0.000000
SicAreaR=0.000000
SensPressActCrowning=0
SensPressFindMax=0
SensPressFindSpess=0
ConicalAngle=0.000000
Resistance=45
AddedBend=0
SplitdBend=0

[Bend6]
DirDieHolder=\Kvfile\DieHolder\
DieHolder=
ChkSumDieHolder=0
DirIntermediate=\Kvfile\Intermediate\
Intermediate=
ChkSumIntermediate=0
MinFlange=0.000000
SicAreaX=0.000000
SicAreaR=0.000000
SensPressActCrowning=0
SensPressFindMax=0
SensPressFindSpess=0
ConicalAngle=0.000000
Resistance=45
AddedBend=0
SplitdBend=0
