Programma Numerico da 20.0

1
0
405
1
1
0
0.000000
0.000000
\Kvfile\Mat\
\Kvfile\Pnz\
0.000000
0.000000
0.000000
0.000000
\Kvfile\Mat\
\Kvfile\Pnz\
0.000000
0.000000
0.000000
0.000000
\Kvfile\Mat\
\Kvfile\Pnz\
0.000000
0.000000
0.000000
0.000000
\Kvfile\Mat\
\Kvfile\Pnz\
0.000000
0.000000
0.000000
0.000000
0.000000
0.000000
0.000000
0.000000
0.000000
0.000000
1
0.000000
0
0.000000
0
0.000000
0
0.000000
0
0.000000
0
0.000000
0
0.000000
0
0.000000
0.000000
0.000000
0.000000
0.000000
0.000000
0.000000
0.000000
0.000000
0.000000
0.000000
TABLE1









Piega
1
Dati Generali
254.000000
1.651000
25
25
\Kvfile\Mat\50022TEMP
1
0
\Kvfile\Pnz\50281C
0
0
0.000000
0.000000
2.540000
0
0
0
0
0
0
0
0
0
0
0
0.000000
1678816.810000
0.000000
0.000000
1678816.810000
0.000000
Dati
1.500000
90.000000
90.000000
118.038880
7.625080
0.000000
0.254000
148.197052
148.197052
60.198000
57.658000
57.150000
10485.882000
1524.002540
2025.703340
0.254000
16777.208000
2.540000
2.540000
0.000000
1678816.810000
1678816.810000
1678816.810000
1678816.810000
1678816.810000
0.000000
0.000000
0.000000
0.000000
0.000000
0.000000
2.750000
2.750000
0.000000
0.000000
0.000000
0.000000
0.000000
2.371501
0.016360
25.400000
0.000000
1
1
0
0
0
0
0000001100000000
0
123
1.411111
1.000000
1.000000
0.400000
0.000000
0.000000
0.000000
0.000000
0.000000
0.000000
0
0
16
0
0
0
0
0
0
0.000000
0.000000
0.000000
0.000000
0.000000
0.000000
0.000000
0.000000
0.000000

[General]
BendNum=1
Mix=0
LoadedFirstTime=0
DeletedBend=0

[Bend1]
DirDieHolder=\Kvfile\DieHolder\
DieHolder=
ChkSumDieHolder=0
DirIntermediate=\Kvfile\Intermediate\
Intermediate=
ChkSumIntermediate=0
MinFlange=0.000000
SicAreaX=0.000000
SicAreaR=0.000000
SensPressActCrowning=0
SensPressFindMax=0
SensPressFindSpess=0
ConicalAngle=0.000000
Resistance=25
AddedBend=0
SplitdBend=0
