Programma Numerico da 20.0

3
0
1
1
1
0
0.000000
0.000000
\Kvfile\Mat\
\Kvfile\Pnz\
0.000000
0.000000
0.000000
0.000000
\Kvfile\Mat\
\Kvfile\Pnz\
0.000000
0.000000
0.000000
0.000000
\Kvfile\Mat\
\Kvfile\Pnz\
0.000000
0.000000
0.000000
0.000000
\Kvfile\Mat\
\Kvfile\Pnz\
0.000000
0.000000
0.000000
0.000000
0.000000
0.000000
0.000000
0.000000
0.000000
0.000000
3
6.096000
0
0.000000
0
0.000000
0
0.000000
0
0.000000
0
0.000000
0
0.000000
0
0.000000
0.000000
0.000000
0.000000
0.000000
0.000000
0.000000
0.000000
0.000000
0.000000
0.000000
TABLE1









Piega
1
Dati Generali
63.500000
4.445000
45
45
\Kvfile\Mat\50240
1
0
\Kvfile\Pnz\50248X
0
0
0.000000
0.000000
0.000000
0
0
0
0
0
0
0
0
0
0
0
0.000000
0.000000
0.000000
0.000000
0.000000
0.000000
Dati
0.508000
90.000000
90.000000
110.490000
110.490000
110.490000
110.490000
193.656515
193.656515
52.883300
52.883300
52.883300
52.883300
2079.500000
2169.500000
0.000000
0.000000
45.000000
45.000000
0.027107
0.000000
0.000000
0.000000
0.000000
0.000000
0.000000
0.000000
1.016000
0.000000
0.000000
0.000000
-5.000000
-5.000000
0.000000
0.000000
0.000000
0.000000
0.000000
3.804630
0.027107
127.000000
0.000000
1
1
0
0
0
0
0000000000000000
0
248
4.233333
1.000000
1.000000
0.000000
0.000000
0.000000
0.000000
0.000000
0.000000
0.000000
0
0
16
0
0
0
0
0
0
0.000000
0.000000
0.000000
0.000000
0.000000
0.000000
0.000000
0.000000
0.000000
Piega
1
Dati Generali
127.000000
4.445000
45
45
\Kvfile\Mat\50240
1
0
\Kvfile\Pnz\50248X
0
0
0.000000
0.000000
0.000000
0
0
0
0
0
0
0
0
0
0
0
0.000000
0.000000
0.000000
0.000000
0.000000
0.000000
Dati
0.381000
90.000000
90.000000
72.390000
72.390000
72.390000
72.390000
193.589696
193.589696
52.883300
52.883300
52.883300
52.883300
2073.700000
2175.300000
0.000000
0.000000
45.000000
45.000000
0.052935
0.000000
0.000000
0.000000
0.000000
0.000000
0.000000
0.000000
1.016000
0.000000
0.000000
0.000000
-5.500000
-5.500000
0.000000
0.000000
0.000000
0.000000
0.000000
7.509259
0.052935
152.400000
0.635000
1
1
0
0
0
0
0000000000000000
0
248
4.233333
1.000000
2.000000
0.000000
0.000000
0.000000
0.000000
0.000000
0.000000
0.000000
0
0
16
0
0
0
0
0
0
0.000000
0.000000
0.000000
0.000000
0.000000
0.000000
0.000000
0.000000
0.000000
Piega
1
Dati Generali
254.000000
4.445000
45
45
\Kvfile\Mat\50240
1
0
\Kvfile\Pnz\50248X
0
0
0.000000
0.000000
0.000000
0
0
0
0
0
0
0
0
0
0
0
0.000000
0.000000
0.000000
0.000000
0.000000
0.000000
Dati
0.508000
90.000000
90.000000
26.162000
26.162000
26.162000
26.162000
193.589696
193.589696
54.860800
52.883300
54.860800
54.860800
2022.900000
2226.100000
0.000000
0.000000
45.000000
45.000000
0.102919
0.000000
0.000000
0.000000
0.000000
0.000000
0.000000
0.000000
1.016000
0.000000
0.000000
0.000000
-5.500000
-5.500000
0.000000
0.000000
0.000000
0.000000
0.000000
14.918519
0.102919
50.800000
0.000000
1
1
0
0
0
0
0000000000000000
0
248
4.233333
1.000000
3.000000
0.000000
0.000000
0.000000
0.000000
0.000000
0.000000
0.000000
0
0
16
0
0
0
0
0
0
0.000000
0.000000
0.000000
0.000000
0.000000
0.000000
0.000000
0.000000
0.000000

[General]
BendNum=3
Mix=0
LoadedFirstTime=0
DeletedBend=0

[Bend1]
DirDieHolder=\Kvfile\DieHolder\
DieHolder=
ChkSumDieHolder=0
DirIntermediate=\Kvfile\Intermediate\
Intermediate=
ChkSumIntermediate=0
MinFlange=0.000000
SicAreaX=0.000000
SicAreaR=0.000000
SensPressActCrowning=0
SensPressFindMax=0
SensPressFindSpess=0
ConicalAngle=0.000000
Resistance=45
AddedBend=0
SplitdBend=0

[Bend2]
DirDieHolder=\Kvfile\DieHolder\
DieHolder=
ChkSumDieHolder=0
DirIntermediate=\Kvfile\Intermediate\
Intermediate=
ChkSumIntermediate=0
MinFlange=0.000000
SicAreaX=0.000000
SicAreaR=0.000000
SensPressActCrowning=0
SensPressFindMax=0
SensPressFindSpess=0
ConicalAngle=0.000000
Resistance=45
AddedBend=0
SplitdBend=0

[Bend3]
DirDieHolder=\Kvfile\DieHolder\
DieHolder=
ChkSumDieHolder=0
DirIntermediate=\Kvfile\Intermediate\
Intermediate=
ChkSumIntermediate=0
MinFlange=0.000000
SicAreaX=0.000000
SicAreaR=0.000000
SensPressActCrowning=0
SensPressFindMax=0
SensPressFindSpess=0
ConicalAngle=0.000000
Resistance=45
AddedBend=0
SplitdBend=0
