Programma Numerico da 20.0
flip up outside stops
3
0
134
1
1
0
0.000000
0.000000
\Kvfile\Mat\50298
\Kvfile\Pnz\50289C
1016.000000
1016.000000
1495.930000
1495.930000
\Kvfile\Mat\
\Kvfile\Pnz\
0.000000
0.000000
0.000000
0.000000
\Kvfile\Mat\
\Kvfile\Pnz\
0.000000
0.000000
0.000000
0.000000
\Kvfile\Mat\
\Kvfile\Pnz\
0.000000
0.000000
0.000000
0.000000
0.000000
0.000000
0.000000
0.000000
0.000000
0.000000
3
7.284800
0
0.000000
0
0.000000
0
0.000000
0
0.000000
0
0.000000
0
0.000000
0
0.000000
0.000000
0.000000
0.000000
0.000000
0.000000
0.000000
0.000000
0.000000
0.000000
0.000000
TABLE1









Piega
1
Dati Generali
914.400000
4.445000
45
45
\Kvfile\Mat\50298
1
0
\Kvfile\Pnz\50289C
0
0
0.000000
0.000000
0.000000
0
0
0
0
0
0
0
0
0
0
0
0.000000
0.000000
0.000000
0.000000
0.000000
0.000000
Dati
0.508000
135.000000
135.000000
26.924000
26.924000
26.924000
26.924000
150.142934
150.142934
63.115800
63.115800
63.115800
63.115800
2006.600000
2387.600000
0.000000
0.000000
22.500000
22.500000
0.305771
0.000000
0.000000
0.000000
0.000000
0.000000
0.000000
0.000000
0.762000
0.254000
0.254000
0.254000
-3.500000
-3.500000
0.000000
0.000000
0.000000
0.000000
0.000000
50.000000
0.305771
152.400000
0.762000
1
1
0
0
0
0
0000000000000000
0
165
6.350000
1.000000
1.000000
0.000000
0.000000
0.000000
0.000000
0.000000
0.000000
0.000000
0
0
16
0
0
0
0
0
0
0.000000
0.000000
0.000000
0.000000
0.000000
0.000000
0.000000
0.000000
0.000000
Piega
1
Dati Generali
914.400000
4.445000
45
45
\Kvfile\Mat\50298
1
0
\Kvfile\Pnz\50289C
0
0
0.000000
0.000000
0.000000
0
0
0
0
0
0
0
0
0
0
0
0.000000
0.000000
0.000000
0.000000
0.000000
0.000000
Dati
0.508000
90.000000
90.000000
104.470200
104.470200
104.470200
104.470200
142.639948
142.825329
80.010000
80.010000
80.010000
80.010000
2006.600000
2387.600000
0.000000
0.000000
45.000000
45.000000
0.305771
0.000000
0.000000
0.000000
0.000000
0.000000
0.000000
0.000000
0.762000
0.254000
0.254000
0.254000
-4.000000
-3.000000
0.000000
0.000000
0.000000
0.000000
2.000000
50.000000
0.305771
152.400000
0.762000
1
1
0
0
0
0
0000000000000000
0
165
6.350000
1.000000
2.000000
0.000000
0.000000
0.000000
0.000000
0.000000
0.000000
0.000000
0
0
16
0
0
0
0
0
0
0.000000
0.000000
0.000000
0.000000
0.000000
0.000000
0.000000
0.000000
0.000000
Piega
1
Dati Generali
914.400000
4.445000
45
45
\Kvfile\Mat\50298
1
0
\Kvfile\Pnz\50289C
0
0
0.000000
0.000000
0.000000
0
0
1
0
0
0
0
0
0
0
0
0.000000
0.000000
0.000000
0.000000
0.000000
0.000000
Dati
0.762000
90.000000
90.000000
747.522000
747.522000
747.522000
747.522000
142.639948
142.825329
41.910000
41.910000
41.910000
41.910000
2006.600000
2387.600000
0.000000
0.000000
45.000000
45.000000
0.305771
0.000000
0.000000
0.000000
0.000000
0.000000
0.000000
0.000000
-17.881600
-18.135600
-17.881600
-17.881600
-4.000000
-3.000000
0.000000
0.000000
0.000000
0.000000
2.000000
50.000000
0.305771
254.000000
0.635000
1
1
0
0
0
0
0000000000000000
0
165
6.350000
1.000000
3.000000
0.000000
0.000000
0.000000
0.000000
0.000000
0.000000
0.000000
0
0
16
0
0
0
0
0
0
0.000000
0.000000
0.000000
0.000000
0.000000
0.000000
0.000000
0.000000
0.000000

[General]
BendNum=3
Mix=0
LoadedFirstTime=0
DeletedBend=0

[Bend1]
DirDieHolder=\Kvfile\DieHolder\
DieHolder=
ChkSumDieHolder=0
DirIntermediate=\Kvfile\Intermediate\
Intermediate=
ChkSumIntermediate=0
MinFlange=0.000000
SicAreaX=0.000000
SicAreaR=0.000000
SensPressActCrowning=0
SensPressFindMax=0
SensPressFindSpess=0
ConicalAngle=0.000000
Resistance=45
AddedBend=0
SplitdBend=0

[Bend2]
DirDieHolder=\Kvfile\DieHolder\
DieHolder=
ChkSumDieHolder=0
DirIntermediate=\Kvfile\Intermediate\
Intermediate=
ChkSumIntermediate=0
MinFlange=0.000000
SicAreaX=0.000000
SicAreaR=0.000000
SensPressActCrowning=0
SensPressFindMax=0
SensPressFindSpess=0
ConicalAngle=0.000000
Resistance=45
AddedBend=0
SplitdBend=0

[Bend3]
DirDieHolder=\Kvfile\DieHolder\
DieHolder=
ChkSumDieHolder=0
DirIntermediate=\Kvfile\Intermediate\
Intermediate=
ChkSumIntermediate=0
MinFlange=0.000000
SicAreaX=0.000000
SicAreaR=0.000000
SensPressActCrowning=0
SensPressFindMax=0
SensPressFindSpess=0
ConicalAngle=0.000000
Resistance=45
AddedBend=0
SplitdBend=0
