Programma Numerico da 20.0

3
0
2
1
1
0
0.000000
0.000000
\Kvfile\Mat\
\Kvfile\Pnz\
0.000000
0.000000
0.000000
0.000000
\Kvfile\Mat\
\Kvfile\Pnz\
0.000000
0.000000
0.000000
0.000000
\Kvfile\Mat\
\Kvfile\Pnz\
0.000000
0.000000
0.000000
0.000000
\Kvfile\Mat\
\Kvfile\Pnz\
0.000000
0.000000
0.000000
0.000000
0.000000
0.000000
0.000000
0.000000
0.000000
0.000000
3
5.588080
0
0.000000
0
0.000000
0
0.000000
0
0.000000
0
0.000000
0
0.000000
0
0.000000
0.000000
0.000000
0.000000
0.000000
0.000000
0.000000
0.000000
0.000000
0.000000
0.000000










Piega
1
Dati Generali
685.800000
3.429000
65
65
\Kvfile\Mat\1434104-430
1
0
\Kvfile\Pnz\50052X
0
0
0.000000
0.000000
0.000000
0
0
0
0
0
0
0
0
0
0
0
0.000000
0.000000
0.000000
0.000000
0.000000
0.000000
Dati
0.508000
90.000000
90.000000
22.606000
22.606000
22.606000
22.606000
172.940409
172.940409
81.229700
81.229700
81.229700
81.229700
1850.180000
2398.820000
0.000000
0.000000
45.000000
45.000000
0.279734
0.000000
0.000000
0.000000
0.000000
0.000000
0.000000
0.000000
0.762000
0.254000
0.254000
0.254000
-7.250000
-7.250000
0.000000
0.000000
0.000000
0.000000
0.000000
43.800470
0.279734
127.000000
0.000000
1
1
0
0
0
0
0000000000000000
0
131
4.253149
1.000000
1.000000
0.000000
0.000000
0.000000
0.000000
0.000000
0.000000
0.000000
0
0
16
0
0
0
0
0
0
0.000000
0.000000
0.000000
0.000000
0.000000
0.000000
0.000000
0.000000
0.000000
Piega
1
Dati Generali
1727.200000
3.429000
65
65
\Kvfile\Mat\1434104-430
1
0
\Kvfile\Pnz\50052X
0
0
0.000000
0.000000
0.000000
0
0
0
0
0
0
0
0
0
0
0
0.000000
0.000000
0.000000
0.000000
0.000000
0.000000
Dati
0.508000
90.000000
90.000000
22.606000
22.606000
22.606000
22.606000
172.563839
172.645916
81.229700
81.229700
81.229700
81.229700
1524.000000
2905.760000
0.000000
0.000000
45.000000
45.000000
0.567473
0.000000
0.000000
0.000000
0.000000
0.000000
0.000000
0.000000
0.762000
0.254000
0.254000
0.254000
-10.750000
-10.000000
0.000000
0.000000
0.000000
0.000000
0.000000
110.160443
0.567473
254.000000
0.000000
1
1
0
0
0
0
0000000000000000
0
131
4.253149
1.000000
2.000000
0.000000
0.000000
0.000000
0.000000
0.000000
0.000000
0.000000
0
0
16
0
0
0
0
0
0
0.000000
0.000000
0.000000
0.000000
0.000000
0.000000
0.000000
0.000000
0.000000
Piega
1
Dati Generali
685.800000
3.429000
65
65
\Kvfile\Mat\1434104-430
1
0
\Kvfile\Pnz\50052X
0
0
0.000000
0.000000
0.000000
0
0
1
0
0
0
0
0
0
0
0
0.000000
0.000000
0.000000
0.000000
0.000000
0.000000
Dati
0.508000
90.000000
90.000000
623.316000
623.316000
623.316000
623.316000
172.807766
172.807766
75.515200
75.515200
75.515200
75.515200
1498.600000
2047.240000
0.000000
0.000000
45.000000
45.000000
0.279734
0.000000
0.000000
0.000000
0.000000
0.000000
0.000000
0.000000
-18.729960
-18.983960
-18.983960
-18.983960
-8.500000
-8.500000
0.000000
0.000000
0.000000
0.000000
0.000000
43.800470
0.279734
127.000000
0.000000
1
1
0
0
0
0
0000000000000000
0
131
4.253149
1.000000
3.000000
0.000000
0.000000
0.000000
0.000000
0.000000
0.000000
0.000000
0
0
16
0
0
0
0
0
0
0.000000
0.000000
0.000000
0.000000
0.000000
0.000000
0.000000
0.000000
0.000000

[General]
BendNum=3
Mix=0
LoadedFirstTime=0
DeletedBend=0

[Bend1]
DirDieHolder=\Kvfile\DieHolder\
DieHolder=
ChkSumDieHolder=0
DirIntermediate=\Kvfile\Intermediate\
Intermediate=
ChkSumIntermediate=0
MinFlange=0.000000
SicAreaX=0.000000
SicAreaR=0.000000
SensPressActCrowning=0
SensPressFindMax=0
SensPressFindSpess=0
ConicalAngle=0.000000
Resistance=65
AddedBend=0
SplitdBend=0

[Bend2]
DirDieHolder=\Kvfile\DieHolder\
DieHolder=
ChkSumDieHolder=0
DirIntermediate=\Kvfile\Intermediate\
Intermediate=
ChkSumIntermediate=0
MinFlange=0.000000
SicAreaX=0.000000
SicAreaR=0.000000
SensPressActCrowning=0
SensPressFindMax=0
SensPressFindSpess=0
ConicalAngle=0.000000
Resistance=65
AddedBend=0
SplitdBend=0

[Bend3]
DirDieHolder=\Kvfile\DieHolder\
DieHolder=
ChkSumDieHolder=0
DirIntermediate=\Kvfile\Intermediate\
Intermediate=
ChkSumIntermediate=0
MinFlange=0.000000
SicAreaX=0.000000
SicAreaR=0.000000
SensPressActCrowning=0
SensPressFindMax=0
SensPressFindSpess=0
ConicalAngle=0.000000
Resistance=65
AddedBend=0
SplitdBend=0
