Programma Numerico da 20.0

1
0
8
1
1
0
0.000000
0.000000
\Kvfile\Mat\
\Kvfile\Pnz\
0.000000
0.000000
0.000000
0.000000
\Kvfile\Mat\
\Kvfile\Pnz\
0.000000
0.000000
0.000000
0.000000
\Kvfile\Mat\
\Kvfile\Pnz\
0.000000
0.000000
0.000000
0.000000
\Kvfile\Mat\
\Kvfile\Pnz\
0.000000
0.000000
0.000000
0.000000
0.000000
0.000000
0.000000
0.000000
0.000000
0.000000
1
0.508000
0
0.000000
0
0.000000
0
0.000000
0
0.000000
0
0.000000
0
0.000000
0
0.000000
0.000000
0.000000
0.000000
0.000000
0.000000
0.000000
0.000000
0.000000
0.000000
0.000000
TABLE1









Piega
1
Dati Generali
1320.800000
3.048000
45
45
\Kvfile\Mat\50240
1
0
\Kvfile\Pnz\50052X
0
0
0.000000
0.000000
0.000000
0
0
0
0
0
0
0
0
0
0
0
0.000000
0.000000
0.000000
0.000000
0.000000
0.000000
Dati
1.500000
90.000000
90.000000
28.956000
28.956000
28.956000
28.956000
140.347352
140.347352
52.184800
52.184800
52.184800
52.184800
1778.000000
2540.000000
0.000000
0.000000
45.000000
45.000000
0.204673
0.000000
0.000000
0.000000
0.000000
0.000000
0.000000
0.000000
0.254000
0.254000
0.254000
0.254000
-7.250000
-7.250000
0.000000
0.000000
0.000000
0.000000
0.000000
36.332186
0.204673
50.800000
0.000000
1
1
0
0
0
0
0000000000000000
0
9
4.233333
1.000000
1.000000
0.000000
0.000000
0.000000
0.000000
0.000000
0.000000
0.000000
0
0
16
0
0
0
0
0
0
0.000000
0.000000
0.000000
0.000000
0.000000
0.000000
0.000000
0.000000
0.000000

[General]
BendNum=1
Mix=0
LoadedFirstTime=0
DeletedBend=0

[Bend1]
DirDieHolder=\Kvfile\DieHolder\
DieHolder=
ChkSumDieHolder=0
DirIntermediate=\Kvfile\Intermediate\
Intermediate=
ChkSumIntermediate=0
MinFlange=0.000000
SicAreaX=0.000000
SicAreaR=0.000000
SensPressActCrowning=0
SensPressFindMax=0
SensPressFindSpess=0
ConicalAngle=0.000000
Resistance=45
AddedBend=0
SplitdBend=0
