Programma Numerico da 20.0

2
0
1
1
1
0
0.000000
0.000000
\Kvfile\Mat\
\Kvfile\Pnz\
0.000000
0.000000
0.000000
0.000000
\Kvfile\Mat\
\Kvfile\Pnz\
0.000000
0.000000
0.000000
0.000000
\Kvfile\Mat\
\Kvfile\Pnz\
0.000000
0.000000
0.000000
0.000000
\Kvfile\Mat\
\Kvfile\Pnz\
0.000000
0.000000
0.000000
0.000000
0.000000
0.000000
0.000000
0.000000
0.000000
0.000000
2
2.540080
0
0.000000
0
0.000000
0
0.000000
0
0.000000
0
0.000000
0
0.000000
0
0.000000
0.000000
0.000000
0.000000
0.000000
0.000000
0.000000
0.000000
0.000000
0.000000
0.000000
TABLE1









Piega
1
Dati Generali
342.900000
1.905000
45
45
\Kvfile\Mat\1434104-410
1
0
\Kvfile\Pnz\50045X
0
0
0.000000
0.000000
0.000000
0
0
0
0
0
0
0
0
0
0
0
0.000000
0.000000
0.000000
0.000000
0.000000
0.000000
Dati
0.254000
90.000000
90.000000
12.192000
12.192000
12.192000
12.192000
172.879466
172.879466
80.467700
80.467700
80.467700
80.467700
1987.340000
2261.660000
0.000000
0.000000
45.000000
45.000000
0.053563
0.000000
0.000000
0.000000
0.000000
0.000000
0.000000
0.000000
0.254000
0.000000
0.000000
0.000000
-13.500000
-13.500000
0.000000
0.000000
0.000000
0.000000
0.000000
7.884720
0.053563
152.400000
0.000000
2
1
0
0
0
0
0000000000000000
0
120
1.998133
1.000000
1.000000
0.000000
0.000000
0.000000
0.000000
0.000000
0.000000
0.000000
0
0
16
0
0
0
0
0
0
0.000000
0.000000
0.000000
0.000000
0.000000
0.000000
0.000000
0.000000
0.000000
Piega
1
Dati Generali
342.900000
1.905000
45
45
\Kvfile\Mat\1434104-410
1
0
\Kvfile\Pnz\50045X
0
0
0.000000
0.000000
0.000000
0
0
1
0
0
0
0
0
0
0
0
0.000000
0.000000
0.000000
0.000000
0.000000
0.000000
Dati
0.304800
90.000000
90.000000
349.504000
349.504000
349.504000
349.504000
172.845453
172.845453
75.515200
75.515200
75.515200
75.515200
1987.340000
2261.660000
0.000000
0.000000
45.000000
45.000000
0.053563
0.000000
0.000000
0.000000
0.000000
0.000000
0.000000
0.000000
-18.983960
-18.983960
-18.983960
-18.983960
-14.000000
-14.000000
0.000000
0.000000
0.000000
0.000000
0.000000
7.884720
0.053563
254.000000
0.203200
2
1
0
0
0
0
0000000000000000
0
120
1.998133
1.000000
2.000000
0.000000
0.000000
0.000000
0.000000
0.000000
0.000000
0.000000
0
0
16
0
0
0
0
0
0
0.000000
0.000000
0.000000
0.000000
0.000000
0.000000
0.000000
0.000000
0.000000

[General]
BendNum=2
Mix=0
LoadedFirstTime=0
DeletedBend=0

[Bend1]
DirDieHolder=\Kvfile\DieHolder\
DieHolder=
ChkSumDieHolder=0
DirIntermediate=\Kvfile\Intermediate\
Intermediate=
ChkSumIntermediate=0
MinFlange=0.000000
SicAreaX=0.000000
SicAreaR=0.000000
SensPressActCrowning=0
SensPressFindMax=0
SensPressFindSpess=0
ConicalAngle=0.000000
Resistance=45
AddedBend=0
SplitdBend=0

[Bend2]
DirDieHolder=\Kvfile\DieHolder\
DieHolder=
ChkSumDieHolder=0
DirIntermediate=\Kvfile\Intermediate\
Intermediate=
ChkSumIntermediate=0
MinFlange=0.000000
SicAreaX=0.000000
SicAreaR=0.000000
SensPressActCrowning=0
SensPressFindMax=0
SensPressFindSpess=0
ConicalAngle=0.000000
Resistance=45
AddedBend=0
SplitdBend=0
