Programma Numerico da 20.0

4
0
8
1
1
0
0.000000
0.000000
\Kvfile\Mat\
\Kvfile\Pnz\
0.000000
0.000000
0.000000
0.000000
\Kvfile\Mat\
\Kvfile\Pnz\
0.000000
0.000000
0.000000
0.000000
\Kvfile\Mat\
\Kvfile\Pnz\
0.000000
0.000000
0.000000
0.000000
\Kvfile\Mat\
\Kvfile\Pnz\
0.000000
0.000000
0.000000
0.000000
0.000000
0.000000
0.000000
0.000000
0.000000
0.000000
4
0.000000
0
0.000000
0
0.000000
0
0.000000
0
0.000000
0
0.000000
0
0.000000
0
0.000000
0.000000
0.000000
0.000000
0.000000
0.000000
0.000000
0.000000
0.000000
0.000000
0.000000
TABLE1









Piega
1
Dati Generali
1574.800000
4.775200
65
65
\Kvfile\Mat\50300
1
0
\Kvfile\Pnz\50289C
0
0
0.000000
0.000000
0.000000
0
0
0
0
0
0
0
0
0
0
0
0.000000
0.000000
0.000000
0.000000
0.000000
0.000000
Dati
0.635000
90.000000
90.000000
44.450000
44.450000
44.450000
44.450000
146.504075
146.504075
77.864200
77.864200
77.864200
77.864200
2082.800000
2514.600000
0.000000
0.000000
45.000000
45.000000
0.327192
0.000000
0.000000
0.000000
0.000000
0.000000
0.000000
0.000000
0.000000
0.000000
0.000000
0.000000
-1.500000
-1.500000
0.000000
0.000000
0.000000
0.000000
0.000000
61.362811
0.327192
63.500000
0.635000
1
1
0
0
0
0
0000000000000000
0
88
13.510638
1.000000
1.000000
0.000000
0.000000
0.000000
0.000000
0.000000
0.000000
0.000000
0
0
16
0
0
0
0
0
0
0.000000
0.000000
0.000000
0.000000
0.000000
0.000000
0.000000
0.000000
0.000000
Piega
1
Dati Generali
1574.800000
4.775200
65
65
\Kvfile\Mat\50300
1
0
\Kvfile\Pnz\50289C
0
0
0.000000
0.000000
0.000000
0
0
0
0
0
0
0
0
0
0
0
0.000000
0.000000
0.000000
0.000000
0.000000
0.000000
Dati
0.635000
90.000000
90.000000
44.450000
44.450000
44.450000
44.450000
145.910083
145.910083
77.864200
77.864200
77.864200
77.864200
1587.500000
2286.000000
0.000000
0.000000
45.000000
45.000000
0.484688
0.000000
0.000000
0.000000
0.000000
0.000000
0.000000
0.000000
0.000000
0.000000
0.000000
0.000000
-3.000000
-3.000000
0.000000
0.000000
0.000000
0.000000
0.000000
90.900000
0.484688
63.500000
0.635000
1
1
0
0
0
0
0000000000000000
0
88
13.510638
1.000000
2.000000
0.000000
0.000000
0.000000
0.000000
0.000000
0.000000
0.000000
0
0
16
0
0
0
0
0
0
0.000000
0.000000
0.000000
0.000000
0.000000
0.000000
0.000000
0.000000
0.000000
Piega
1
Dati Generali
1574.800000
4.775200
65
65
\Kvfile\Mat\50300
1
0
\Kvfile\Pnz\50289C
0
0
0.000000
0.000000
0.000000
0
0
0
0
0
0
0
0
0
0
0
0.000000
0.000000
0.000000
0.000000
0.000000
0.000000
Dati
0.635000
90.000000
90.000000
44.450000
44.450000
44.450000
44.450000
146.504075
146.504075
77.864200
77.864200
77.864200
77.864200
1549.400000
1854.200000
0.000000
0.000000
45.000000
45.000000
0.484688
0.000000
0.000000
0.000000
0.000000
0.000000
0.000000
0.000000
0.000000
0.000000
0.000000
0.000000
-1.500000
-1.500000
0.000000
0.000000
0.000000
0.000000
0.000000
90.900000
0.484688
63.500000
0.635000
1
1
0
0
0
0
0000000000000000
0
88
13.510638
1.000000
3.000000
0.000000
0.000000
0.000000
0.000000
0.000000
0.000000
0.000000
0
0
16
0
0
0
0
0
0
0.000000
0.000000
0.000000
0.000000
0.000000
0.000000
0.000000
0.000000
0.000000
Piega
1
Dati Generali
1574.800000
4.775200
65
65
\Kvfile\Mat\50300
1
0
\Kvfile\Pnz\50289C
0
0
0.000000
0.000000
0.000000
0
0
0
0
0
0
0
0
0
0
0
0.000000
0.000000
0.000000
0.000000
0.000000
0.000000
Dati
0.635000
90.000000
90.000000
44.450000
44.450000
44.450000
44.450000
145.910083
145.910083
77.864200
77.864200
77.864200
77.864200
1587.500000
2514.600000
0.000000
0.000000
45.000000
45.000000
0.484688
0.000000
0.000000
0.000000
0.000000
0.000000
0.000000
0.000000
0.000000
0.000000
0.000000
0.000000
-3.000000
-3.000000
0.000000
0.000000
0.000000
0.000000
0.000000
90.900000
0.484688
63.500000
0.635000
1
1
0
0
0
0
0000000000000000
0
88
13.510638
1.000000
4.000000
0.000000
0.000000
0.000000
0.000000
0.000000
0.000000
0.000000
0
0
16
0
0
0
0
0
0
0.000000
0.000000
0.000000
0.000000
0.000000
0.000000
0.000000
0.000000
0.000000

[General]
BendNum=4
Mix=0
LoadedFirstTime=0
DeletedBend=1

[Bend1]
DirDieHolder=\Kvfile\DieHolder\
DieHolder=
ChkSumDieHolder=0
DirIntermediate=\Kvfile\Intermediate\
Intermediate=
ChkSumIntermediate=0
MinFlange=0.000000
SicAreaX=0.000000
SicAreaR=0.000000
SensPressActCrowning=0
SensPressFindMax=0
SensPressFindSpess=0
ConicalAngle=0.000000
Resistance=65
AddedBend=0
SplitdBend=0

[Bend2]
DirDieHolder=\Kvfile\DieHolder\
DieHolder=
ChkSumDieHolder=0
DirIntermediate=\Kvfile\Intermediate\
Intermediate=
ChkSumIntermediate=0
MinFlange=0.000000
SicAreaX=0.000000
SicAreaR=0.000000
SensPressActCrowning=0
SensPressFindMax=0
SensPressFindSpess=0
ConicalAngle=0.000000
Resistance=65
AddedBend=0
SplitdBend=0

[Bend3]
DirDieHolder=\Kvfile\DieHolder\
DieHolder=
ChkSumDieHolder=0
DirIntermediate=\Kvfile\Intermediate\
Intermediate=
ChkSumIntermediate=0
MinFlange=0.000000
SicAreaX=0.000000
SicAreaR=0.000000
SensPressActCrowning=0
SensPressFindMax=0
SensPressFindSpess=0
ConicalAngle=0.000000
Resistance=65
AddedBend=0
SplitdBend=0

[Bend4]
DirDieHolder=\Kvfile\DieHolder\
DieHolder=
ChkSumDieHolder=0
DirIntermediate=\Kvfile\Intermediate\
Intermediate=
ChkSumIntermediate=0
MinFlange=0.000000
SicAreaX=0.000000
SicAreaR=0.000000
SensPressActCrowning=0
SensPressFindMax=0
SensPressFindSpess=0
ConicalAngle=0.000000
Resistance=65
AddedBend=0
SplitdBend=0
