Programma Numerico da 20.0

2
0
86
1
1
0
0.000000
0.000000
\Kvfile\Mat\
\Kvfile\Pnz\
0.000000
0.000000
0.000000
0.000000
\Kvfile\Mat\
\Kvfile\Pnz\
0.000000
0.000000
0.000000
0.000000
\Kvfile\Mat\
\Kvfile\Pnz\
0.000000
0.000000
0.000000
0.000000
\Kvfile\Mat\
\Kvfile\Pnz\
0.000000
0.000000
0.000000
0.000000
0.000000
0.000000
0.000000
0.000000
0.000000
0.000000
2
4.064000
0
0.000000
0
0.000000
0
0.000000
0
0.000000
0
0.000000
0
0.000000
0
0.000000
0.000000
0.000000
0.000000
0.000000
0.000000
0.000000
0.000000
0.000000
0.000000
0.000000
TABLE1









Piega
1
Dati Generali
457.200000
1.905000
45
45
\Kvfile\Mat\1434104-410
1
0
\Kvfile\Pnz\50045X
0
0
0.000000
0.000000
0.000000
0
0
0
0
0
0
0
0
0
0
0
0.000000
0.000000
0.000000
0.000000
0.000000
0.000000
Dati
0.254000
90.000000
90.000000
29.972000
29.972000
29.972000
29.972000
172.963471
172.930042
80.413860
80.467700
80.413860
80.413860
2032.000000
2286.000000
0.000000
0.000000
45.000000
45.000000
0.096537
0.000000
0.000000
0.000000
0.000000
0.000000
0.000000
0.000000
1.016000
0.254000
0.254000
0.254000
-12.250000
-12.750000
0.000000
0.000000
0.000000
0.000000
0.000000
14.500000
0.096537
38.100000
0.000000
1
1
0
0
0
0
0000000000000000
0
120
1.998133
1.000000
1.000000
0.000000
0.000000
0.000000
0.000000
0.000000
0.000000
0.000000
0
0
16
0
0
0
0
0
0
0.000000
0.000000
0.000000
0.000000
0.000000
0.000000
0.000000
0.000000
0.000000
Piega
1
Dati Generali
457.200000
1.905000
45
45
\Kvfile\Mat\1434104-410
1
0
\Kvfile\Pnz\50045X
0
0
0.000000
0.000000
0.000000
0
0
0
0
0
0
0
0
0
0
0
0.000000
0.000000
0.000000
0.000000
0.000000
0.000000
Dati
0.254000
90.000000
90.000000
25.400000
25.400000
25.400000
25.400000
172.963471
172.930042
80.413860
80.467700
80.413860
80.413860
2032.000000
2286.000000
0.000000
0.000000
45.000000
45.000000
0.105858
0.000000
0.000000
0.000000
0.000000
0.000000
0.000000
0.000000
1.016000
0.254000
0.254000
0.254000
-12.250000
-12.750000
0.000000
0.000000
0.000000
0.000000
0.000000
15.900000
0.105858
38.100000
0.000000
1
1
0
0
0
0
0000000000000000
0
120
1.998133
1.000000
2.000000
0.000000
0.000000
0.000000
0.000000
0.000000
0.000000
0.000000
0
0
16
0
0
0
0
0
0
0.000000
0.000000
0.000000
0.000000
0.000000
0.000000
0.000000
0.000000
0.000000

[General]
BendNum=2
Mix=0
LoadedFirstTime=0
DeletedBend=0

[Bend1]
DirDieHolder=\Kvfile\DieHolder\
DieHolder=
ChkSumDieHolder=0
DirIntermediate=\Kvfile\Intermediate\
Intermediate=
ChkSumIntermediate=0
MinFlange=0.000000
SicAreaX=0.000000
SicAreaR=0.000000
SensPressActCrowning=0
SensPressFindMax=0
SensPressFindSpess=0
ConicalAngle=0.000000
Resistance=45
AddedBend=0
SplitdBend=0

[Bend2]
DirDieHolder=\Kvfile\DieHolder\
DieHolder=
ChkSumDieHolder=0
DirIntermediate=\Kvfile\Intermediate\
Intermediate=
ChkSumIntermediate=0
MinFlange=0.000000
SicAreaX=0.000000
SicAreaR=0.000000
SensPressActCrowning=0
SensPressFindMax=0
SensPressFindSpess=0
ConicalAngle=0.000000
Resistance=45
AddedBend=0
SplitdBend=0
