Programma Numerico da 20.0

2
0
5
1
1
0
0.000000
0.000000
\Kvfile\Mat\
\Kvfile\Pnz\
0.000000
0.000000
0.000000
0.000000
\Kvfile\Mat\
\Kvfile\Pnz\
0.000000
0.000000
0.000000
0.000000
\Kvfile\Mat\
\Kvfile\Pnz\
0.000000
0.000000
0.000000
0.000000
\Kvfile\Mat\
\Kvfile\Pnz\
0.000000
0.000000
0.000000
0.000000
0.000000
0.000000
0.000000
0.000000
0.000000
0.000000
2
0.000000
0
0.000000
0
0.000000
0
0.000000
0
0.000000
0
0.000000
0
0.000000
0
0.000000
0.000000
0.000000
0.000000
0.000000
0.000000
0.000000
0.000000
0.000000
0.000000
0.000000
TABLE1









Piega
1
Dati Generali
1143.000000
4.775200
45
45
\Kvfile\Mat\50298
1
0
\Kvfile\Pnz\50248X
0
0
0.000000
0.000000
0.000000
0
0
0
0
0
0
0
0
0
0
0
0.000000
0.000000
0.000000
0.000000
0.000000
0.000000
Dati
0.508000
90.000000
90.000000
34.544000
34.544000
34.544000
34.544000
195.297327
195.297327
61.303400
61.303400
61.303400
61.303400
1778.000000
2269.700000
0.000000
0.000000
45.000000
45.000000
0.300428
0.000000
0.000000
0.000000
0.000000
0.000000
0.000000
0.000000
0.000000
0.000000
0.000000
0.000000
-7.500000
-7.500000
0.000000
0.000000
0.000000
0.000000
0.000000
51.405704
0.300428
76.200000
0.000000
1
1
0
0
0
0
0000000000000000
0
211
6.350000
1.000000
1.000000
0.000000
0.000000
0.000000
0.000000
0.000000
0.000000
0.000000
0
0
16
0
0
0
0
0
0
0.000000
0.000000
0.000000
0.000000
0.000000
0.000000
0.000000
0.000000
0.000000
Piega
1
Dati Generali
1143.000000
4.775200
45
45
\Kvfile\Mat\50298
1
0
\Kvfile\Pnz\50248X
0
0
0.000000
0.000000
0.000000
0
0
0
0
0
0
0
0
0
0
0
0.000000
0.000000
0.000000
0.000000
0.000000
0.000000
Dati
0.508000
90.000000
90.000000
55.118000
55.118000
55.118000
55.118000
195.178375
195.178375
61.303400
61.303400
61.303400
61.303400
1778.000000
2260.600000
0.000000
0.000000
45.000000
45.000000
0.300428
0.000000
0.000000
0.000000
0.000000
0.000000
0.000000
0.000000
0.000000
0.000000
0.000000
0.000000
-8.000000
-8.000000
0.000000
0.000000
0.000000
0.000000
0.000000
51.405704
0.300428
76.200000
0.000000
1
1
0
0
0
0
0000000000000000
0
211
6.350000
1.000000
2.000000
0.000000
0.000000
0.000000
0.000000
0.000000
0.000000
0.000000
0
0
16
0
0
0
0
0
0
0.000000
0.000000
0.000000
0.000000
0.000000
0.000000
0.000000
0.000000
0.000000

[General]
BendNum=2
Mix=0
LoadedFirstTime=0
DeletedBend=0

[Bend1]
DirDieHolder=\Kvfile\DieHolder\
DieHolder=
ChkSumDieHolder=0
DirIntermediate=\Kvfile\Intermediate\
Intermediate=
ChkSumIntermediate=0
MinFlange=0.000000
SicAreaX=0.000000
SicAreaR=0.000000
SensPressActCrowning=0
SensPressFindMax=0
SensPressFindSpess=0
ConicalAngle=0.000000
Resistance=45
AddedBend=0
SplitdBend=0

[Bend2]
DirDieHolder=\Kvfile\DieHolder\
DieHolder=
ChkSumDieHolder=0
DirIntermediate=\Kvfile\Intermediate\
Intermediate=
ChkSumIntermediate=0
MinFlange=0.000000
SicAreaX=0.000000
SicAreaR=0.000000
SensPressActCrowning=0
SensPressFindMax=0
SensPressFindSpess=0
ConicalAngle=0.000000
Resistance=45
AddedBend=0
SplitdBend=0
