Programma Numerico da 20.0

2
0
5
1
1
0
0.000000
0.000000
\Kvfile\Mat\
\Kvfile\Pnz\
0.000000
0.000000
0.000000
0.000000
\Kvfile\Mat\
\Kvfile\Pnz\
0.000000
0.000000
0.000000
0.000000
\Kvfile\Mat\
\Kvfile\Pnz\
0.000000
0.000000
0.000000
0.000000
\Kvfile\Mat\
\Kvfile\Pnz\
0.000000
0.000000
0.000000
0.000000
0.000000
0.000000
0.000000
0.000000
0.000000
0.000000
2
-0.508000
0
0.000000
0
0.000000
0
0.000000
0
0.000000
0
0.000000
0
0.000000
0
0.000000
0.000000
0.000000
0.000000
0.000000
0.000000
0.000000
0.000000
0.000000
0.000000
0.000000
TABLE1









Piega
1
Dati Generali
48.260000
3.175000
25
25
\Kvfile\Mat\50240
1
0
\Kvfile\Pnz\50281C
0
0
0.000000
0.000000
0.000000
0
0
0
0
0
0
0
0
0
0
0
0.000000
0.000000
0.000000
0.000000
0.000000
0.000000
Dati
0.762000
90.000000
90.000000
48.260000
48.260000
48.260000
48.260000
140.670701
140.670701
52.248300
52.248300
52.248300
52.248300
2079.500000
2169.500000
0.000000
0.000000
45.000000
45.000000
0.006415
0.000000
0.000000
0.000000
0.000000
0.000000
0.000000
0.000000
0.254000
0.254000
0.254000
0.254000
-7.000000
-7.000000
0.000000
0.000000
0.000000
0.000000
0.000000
0.898049
0.006415
76.200000
0.000000
2
1
0
0
0
0
0000000000000000
0
71
2.822222
1.000000
1.000000
0.000000
0.000000
0.000000
0.000000
0.000000
0.000000
0.000000
0
0
16
0
0
0
0
0
0
0.000000
0.000000
0.000000
0.000000
0.000000
0.000000
0.000000
0.000000
0.000000
Piega
1
Dati Generali
635.000000
3.175000
25
25
\Kvfile\Mat\50240
1
0
\Kvfile\Pnz\50281C
0
0
0.000000
0.000000
0.000000
0
0
0
0
0
0
0
0
0
0
0
0.000000
0.000000
0.000000
0.000000
0.000000
0.000000
Dati
1.498600
90.000000
90.000000
48.260000
48.260000
48.260000
48.260000
140.207590
140.207590
52.248300
52.248300
52.248300
52.248300
1870.500000
2378.500000
0.000000
0.000000
45.000000
45.000000
0.117332
0.000000
0.000000
0.000000
0.000000
0.000000
0.000000
0.000000
-0.508000
-0.508000
-0.508000
-0.508000
-10.000000
-10.000000
0.000000
0.000000
0.000000
0.000000
0.000000
18.200000
0.117332
76.200000
0.000000
1
1
0
0
0
0
0000000000000000
0
71
2.822222
1.000000
2.000000
0.000000
0.000000
0.000000
0.000000
0.000000
0.000000
0.000000
0
0
16
0
0
0
0
0
0
0.000000
0.000000
0.000000
0.000000
0.000000
0.000000
0.000000
0.000000
0.000000

[General]
BendNum=2
Mix=0
LoadedFirstTime=0
DeletedBend=0

[Bend1]
DirDieHolder=\Kvfile\DieHolder\
DieHolder=
ChkSumDieHolder=0
DirIntermediate=\Kvfile\Intermediate\
Intermediate=
ChkSumIntermediate=0
MinFlange=0.000000
SicAreaX=0.000000
SicAreaR=0.000000
SensPressActCrowning=0
SensPressFindMax=0
SensPressFindSpess=0
ConicalAngle=0.000000
Resistance=25
AddedBend=0
SplitdBend=0

[Bend2]
DirDieHolder=\Kvfile\DieHolder\
DieHolder=
ChkSumDieHolder=0
DirIntermediate=\Kvfile\Intermediate\
Intermediate=
ChkSumIntermediate=0
MinFlange=0.000000
SicAreaX=0.000000
SicAreaR=0.000000
SensPressActCrowning=0
SensPressFindMax=0
SensPressFindSpess=0
ConicalAngle=0.000000
Resistance=25
AddedBend=0
SplitdBend=0
