Programma Numerico da 20.0

5
0
6
1
1
0
0.000000
0.000000
\Kvfile\Mat\
\Kvfile\Pnz\
0.000000
0.000000
0.000000
0.000000
\Kvfile\Mat\
\Kvfile\Pnz\
0.000000
0.000000
0.000000
0.000000
\Kvfile\Mat\
\Kvfile\Pnz\
0.000000
0.000000
0.000000
0.000000
\Kvfile\Mat\
\Kvfile\Pnz\
0.000000
0.000000
0.000000
0.000000
0.000000
0.000000
0.000000
0.000000
0.000000
0.000000
5
9.144080
0
0.000000
0
0.000000
0
0.000000
0
0.000000
0
0.000000
0
0.000000
0
0.000000
0.000000
0.000000
0.000000
0.000000
0.000000
0.000000
0.000000
0.000000
0.000000
0.000000
TABLE1









Piega
1
Dati Generali
431.800000
3.429000
65
65
\Kvfile\Mat\1434104-430
1
0
\Kvfile\Pnz\50052X
0
0
0.000000
0.000000
0.000000
0
0
0
0
0
0
0
0
0
0
0
0.000000
0.000000
0.000000
0.000000
0.000000
0.000000
Dati
0.508000
90.000000
90.000000
22.860000
22.860000
22.860000
22.860000
172.992924
172.914037
81.229700
81.229700
81.229700
81.229700
2082.800000
2336.800000
0.000000
0.000000
45.000000
45.000000
0.153820
0.000000
0.000000
0.000000
0.000000
0.000000
0.000000
0.000000
1.016000
0.508000
0.508000
0.508000
-6.750000
-7.500000
0.000000
0.000000
0.000000
0.000000
0.000000
23.000000
0.153820
127.000000
0.000000
2
1
0
0
0
0
0000000000000000
0
131
4.253149
1.000000
1.000000
0.000000
0.000000
0.000000
0.000000
0.000000
0.000000
0.000000
0
0
16
0
0
0
0
0
0
0.000000
0.000000
0.000000
0.000000
0.000000
0.000000
0.000000
0.000000
0.000000
Piega
1
Dati Generali
254.000000
3.429000
65
65
\Kvfile\Mat\1434104-430
1
0
\Kvfile\Pnz\50052X
0
0
0.000000
0.000000
0.000000
0
0
0
0
0
0
0
0
0
0
0
0.000000
0.000000
0.000000
0.000000
0.000000
0.000000
Dati
0.508000
90.000000
90.000000
22.860000
22.860000
22.860000
22.860000
173.148693
173.148693
81.229700
81.229700
81.229700
81.229700
2019.300000
2159.000000
0.000000
0.000000
45.000000
45.000000
0.093823
0.000000
0.000000
0.000000
0.000000
0.000000
0.000000
0.000000
1.016000
0.508000
0.508000
0.508000
-5.250000
-5.250000
0.000000
0.000000
0.000000
0.000000
0.000000
13.600000
0.093823
127.000000
0.000000
2
1
0
0
0
0
0000000000000000
0
131
4.253149
1.000000
2.000000
0.000000
0.000000
0.000000
0.000000
0.000000
0.000000
0.000000
0
0
16
0
0
0
0
0
0
0.000000
0.000000
0.000000
0.000000
0.000000
0.000000
0.000000
0.000000
0.000000
Piega
1
Dati Generali
254.000000
3.429000
65
65
\Kvfile\Mat\1434104-430
1
0
\Kvfile\Pnz\50052X
0
0
0.000000
0.000000
0.000000
0
0
0
0
0
0
0
0
0
0
0
0.000000
0.000000
0.000000
0.000000
0.000000
0.000000
Dati
0.508000
90.000000
90.000000
22.860000
22.860000
22.860000
22.860000
173.071136
173.071136
81.229700
81.229700
81.229700
81.229700
2247.900000
2374.900000
0.000000
0.000000
45.000000
45.000000
0.096582
0.000000
0.000000
0.000000
0.000000
0.000000
0.000000
0.000000
1.016000
0.508000
0.508000
0.508000
-6.000000
-6.000000
0.000000
0.000000
0.000000
0.000000
0.000000
14.000000
0.096582
127.000000
0.000000
2
1
0
0
0
0
0000000000000000
0
131
4.253149
1.000000
3.000000
0.000000
0.000000
0.000000
0.000000
0.000000
0.000000
0.000000
0
0
16
0
0
0
0
0
0
0.000000
0.000000
0.000000
0.000000
0.000000
0.000000
0.000000
0.000000
0.000000
Piega
1
Dati Generali
152.400000
3.429000
65
65
\Kvfile\Mat\1434104-430
1
0
\Kvfile\Pnz\50052X
0
0
0.000000
0.000000
0.000000
0
0
0
0
0
0
0
0
0
0
0
0.000000
0.000000
0.000000
0.000000
0.000000
0.000000
Dati
0.508000
90.000000
90.000000
82.550000
82.550000
82.550000
82.550000
173.200044
173.200044
81.229700
81.229700
81.229700
81.229700
2305.050000
2426.970000
0.000000
0.000000
45.000000
45.000000
0.061769
0.000000
0.000000
0.000000
0.000000
0.000000
0.000000
0.000000
0.508000
0.000000
0.000000
0.000000
-4.750000
-4.750000
0.000000
0.000000
0.000000
0.000000
0.000000
8.800000
0.061769
127.000000
0.000000
2
1
0
0
0
0
0000000000000000
0
131
4.253149
1.000000
4.000000
0.000000
0.000000
0.000000
0.000000
0.000000
0.000000
0.000000
0
0
16
0
0
0
0
0
0
0.000000
0.000000
0.000000
0.000000
0.000000
0.000000
0.000000
0.000000
0.000000
Piega
1
Dati Generali
254.000000
3.429000
65
65
\Kvfile\Mat\1434104-430
1
0
\Kvfile\Pnz\50052X
0
0
0.000000
0.000000
0.000000
0
0
1
0
0
0
0
0
0
0
0
0.000000
0.000000
0.000000
0.000000
0.000000
0.000000
Dati
0.508000
90.000000
90.000000
167.640000
167.640000
167.640000
167.640000
172.992401
172.992401
75.515200
75.515200
75.515200
75.515200
2044.700000
2166.620000
0.000000
0.000000
45.000000
45.000000
0.105550
0.000000
0.000000
0.000000
0.000000
0.000000
0.000000
0.000000
-18.983960
-19.240500
-19.240500
-19.240500
-6.755000
-6.755000
0.000000
0.000000
0.000000
0.000000
0.000000
15.300000
0.105550
127.000000
0.000000
2
1
0
0
0
0
0000000000000000
0
131
4.253149
1.000000
5.000000
0.000000
0.000000
0.000000
0.000000
0.000000
0.000000
0.000000
0
0
16
0
0
0
0
0
0
0.000000
0.000000
0.000000
0.000000
0.000000
0.000000
0.000000
0.000000
0.000000

[General]
BendNum=5
Mix=0
LoadedFirstTime=0
DeletedBend=0

[Bend1]
DirDieHolder=\Kvfile\DieHolder\
DieHolder=
ChkSumDieHolder=0
DirIntermediate=\Kvfile\Intermediate\
Intermediate=
ChkSumIntermediate=0
MinFlange=0.000000
SicAreaX=0.000000
SicAreaR=0.000000
SensPressActCrowning=0
SensPressFindMax=0
SensPressFindSpess=0
ConicalAngle=0.000000
Resistance=65
AddedBend=0
SplitdBend=0

[Bend2]
DirDieHolder=\Kvfile\DieHolder\
DieHolder=
ChkSumDieHolder=0
DirIntermediate=\Kvfile\Intermediate\
Intermediate=
ChkSumIntermediate=0
MinFlange=0.000000
SicAreaX=0.000000
SicAreaR=0.000000
SensPressActCrowning=0
SensPressFindMax=0
SensPressFindSpess=0
ConicalAngle=0.000000
Resistance=65
AddedBend=0
SplitdBend=0

[Bend3]
DirDieHolder=\Kvfile\DieHolder\
DieHolder=
ChkSumDieHolder=0
DirIntermediate=\Kvfile\Intermediate\
Intermediate=
ChkSumIntermediate=0
MinFlange=0.000000
SicAreaX=0.000000
SicAreaR=0.000000
SensPressActCrowning=0
SensPressFindMax=0
SensPressFindSpess=0
ConicalAngle=0.000000
Resistance=65
AddedBend=0
SplitdBend=0

[Bend4]
DirDieHolder=\Kvfile\DieHolder\
DieHolder=
ChkSumDieHolder=0
DirIntermediate=\Kvfile\Intermediate\
Intermediate=
ChkSumIntermediate=0
MinFlange=0.000000
SicAreaX=0.000000
SicAreaR=0.000000
SensPressActCrowning=0
SensPressFindMax=0
SensPressFindSpess=0
ConicalAngle=0.000000
Resistance=65
AddedBend=0
SplitdBend=0

[Bend5]
DirDieHolder=\Kvfile\DieHolder\
DieHolder=
ChkSumDieHolder=0
DirIntermediate=\Kvfile\Intermediate\
Intermediate=
ChkSumIntermediate=0
MinFlange=0.000000
SicAreaX=0.000000
SicAreaR=0.000000
SensPressActCrowning=0
SensPressFindMax=0
SensPressFindSpess=0
ConicalAngle=0.000000
Resistance=65
AddedBend=0
SplitdBend=0
