Programma Numerico da 20.0

8
0
5
1
1
0
0.000000
0.000000
\Kvfile\Mat\
\Kvfile\Pnz\
0.000000
0.000000
0.000000
0.000000
\Kvfile\Mat\
\Kvfile\Pnz\
0.000000
0.000000
0.000000
0.000000
\Kvfile\Mat\
\Kvfile\Pnz\
0.000000
0.000000
0.000000
0.000000
\Kvfile\Mat\
\Kvfile\Pnz\
0.000000
0.000000
0.000000
0.000000
0.000000
0.000000
0.000000
0.000000
0.000000
0.000000
8
16.764080
0
0.000000
0
0.000000
0
0.000000
0
0.000000
0
0.000000
0
0.000000
0
0.000000
0.000000
0.000000
0.000000
0.000000
0.000000
0.000000
0.000000
0.000000
0.000000
0.000000
TABLE1









Piega
1
Dati Generali
50.800000
3.048000
45
45
\Kvfile\Mat\1434104-410
1
0
\Kvfile\Pnz\50248X
0
0
0.000000
0.000000
0.000000
0
0
0
0
0
0
0
0
0
0
0
0.000000
0.000000
0.000000
0.000000
0.000000
0.000000
Dati
0.508000
165.000000
165.000000
44.450000
44.450000
44.450000
44.450000
230.485923
230.485923
83.715200
81.039200
83.715200
83.715200
2184.400000
2667.000000
0.000000
0.000000
7.500000
7.500000
0.021794
0.000000
0.000000
0.000000
0.000000
0.000000
0.000000
0.000000
1.016000
0.000000
0.000000
0.000000
-16.000000
-16.000000
0.000000
0.000000
0.000000
0.000000
0.000000
3.052427
0.021794
127.000000
0.000000
1
1
0
0
0
0
0000000000000000
0
180
1.998133
1.000000
1.000000
0.000000
0.000000
0.000000
0.000000
0.000000
0.000000
0.000000
0
0
16
0
0
0
0
0
0
0.000000
0.000000
0.000000
0.000000
0.000000
0.000000
0.000000
0.000000
0.000000
Piega
1
Dati Generali
45.720000
3.048000
45
45
\Kvfile\Mat\1434104-410
1
0
\Kvfile\Pnz\50248X
0
0
0.000000
0.000000
0.000000
0
0
0
0
0
0
0
0
0
0
0
0.000000
0.000000
0.000000
0.000000
0.000000
0.000000
Dati
0.508000
90.000000
90.000000
54.610000
54.610000
54.610000
54.610000
227.000645
227.000645
73.660000
81.039200
81.039200
81.039200
1955.800000
2045.800000
0.000000
0.000000
45.000000
45.000000
0.019702
0.000000
0.000000
0.000000
0.000000
0.000000
0.000000
0.000000
1.016000
0.000000
0.000000
0.000000
-14.000000
-14.000000
0.000000
0.000000
0.000000
0.000000
0.000000
2.757184
0.019702
127.000000
0.000000
1
1
0
0
0
0
0000000000000000
0
180
1.998133
1.000000
2.000000
0.000000
0.000000
0.000000
0.000000
0.000000
0.000000
0.000000
0
0
16
0
0
0
0
0
0
0.000000
0.000000
0.000000
0.000000
0.000000
0.000000
0.000000
0.000000
0.000000
Piega
1
Dati Generali
45.720000
3.048000
45
45
\Kvfile\Mat\1434104-410
1
0
\Kvfile\Pnz\50248X
0
0
0.000000
0.000000
0.000000
0
0
0
0
0
0
0
0
0
0
0
0.000000
0.000000
0.000000
0.000000
0.000000
0.000000
Dati
0.508000
90.000000
90.000000
16.510000
16.510000
16.510000
16.510000
226.944807
226.944807
83.715200
81.039200
83.715200
83.715200
2120.900000
2210.900000
0.000000
0.000000
45.000000
45.000000
0.019702
0.000000
0.000000
0.000000
0.000000
0.000000
0.000000
0.000000
1.016000
0.000000
0.000000
0.000000
-15.000000
-15.000000
0.000000
0.000000
0.000000
0.000000
0.000000
2.757184
0.019702
127.000000
0.000000
1
1
0
0
0
0
0000000000000000
0
180
1.998133
1.000000
3.000000
0.000000
0.000000
0.000000
0.000000
0.000000
0.000000
0.000000
0
0
16
0
0
0
0
0
0
0.000000
0.000000
0.000000
0.000000
0.000000
0.000000
0.000000
0.000000
0.000000
Piega
1
Dati Generali
45.720000
3.048000
45
45
\Kvfile\Mat\1434104-410
1
0
\Kvfile\Pnz\50248X
0
0
0.000000
0.000000
0.000000
0
0
0
0
0
0
0
0
0
0
0
0.000000
0.000000
0.000000
0.000000
0.000000
0.000000
Dati
0.508000
90.000000
90.000000
54.356000
54.356000
54.356000
54.356000
226.944807
226.944807
83.715200
81.039200
83.715200
83.715200
2079.500000
2169.500000
0.000000
0.000000
45.000000
45.000000
0.019702
0.000000
0.000000
0.000000
0.000000
0.000000
0.000000
0.000000
1.016000
0.000000
0.000000
0.000000
-15.000000
-15.000000
0.000000
0.000000
0.000000
0.000000
0.000000
2.757184
0.019702
127.000000
0.000000
1
1
0
0
0
0
0000000000000000
0
180
1.998133
1.000000
4.000000
0.000000
0.000000
0.000000
0.000000
0.000000
0.000000
0.000000
0
0
16
0
0
0
0
0
0
0.000000
0.000000
0.000000
0.000000
0.000000
0.000000
0.000000
0.000000
0.000000
Piega
1
Dati Generali
45.720000
3.048000
45
45
\Kvfile\Mat\1434104-410
1
0
\Kvfile\Pnz\50248X
0
0
-0.076200
0.000000
0.000000
0
0
0
0
0
0
0
0
0
0
0
0.000000
0.000000
0.000000
0.000000
0.000000
0.000000
Dati
0.508000
135.000000
135.000000
124.460000
124.460000
124.460000
124.460000
229.146419
229.146419
81.039200
81.039200
81.039200
81.039200
2184.400000
2667.000000
0.000000
0.000000
22.500000
22.500000
0.019702
0.000000
0.000000
0.000000
0.000000
0.000000
0.000000
0.000000
0.762000
0.025400
0.025400
0.025400
-15.000000
-15.000000
50.800000
50.800000
50.800000
50.800000
0.000000
2.757184
0.019702
127.000000
0.000000
1
1
0
0
0
0
0000000000000000
0
180
1.998133
1.000000
5.000000
0.000000
0.000000
0.000000
0.000000
0.000000
0.000000
0.000000
0
0
16
0
0
0
0
0
0
0.000000
0.000000
0.000000
0.000000
0.000000
0.000000
0.000000
0.000000
0.000000
Piega
1
Dati Generali
45.720000
3.048000
45
45
\Kvfile\Mat\1434104-410
1
0
\Kvfile\Pnz\50248X
0
0
0.000000
0.000000
0.000000
0
0
0
0
0
0
0
0
0
0
0
0.000000
0.000000
0.000000
0.000000
0.000000
0.000000
Dati
0.558800
90.000000
90.000000
60.960000
60.960000
60.960000
60.960000
226.944807
226.944807
81.039200
81.039200
81.039200
81.039200
2082.800000
2172.800000
0.000000
0.000000
45.000000
45.000000
0.019702
0.000000
0.000000
0.000000
0.000000
0.000000
0.000000
0.000000
1.016000
0.000000
0.000000
0.000000
-15.000000
-15.000000
0.000000
0.000000
0.000000
0.000000
0.000000
2.757184
0.019702
127.000000
0.000000
1
1
0
0
0
0
0000000000000000
0
180
1.998133
1.000000
6.000000
0.000000
0.000000
0.000000
0.000000
0.000000
0.000000
0.000000
0
0
16
0
0
0
0
0
0
0.000000
0.000000
0.000000
0.000000
0.000000
0.000000
0.000000
0.000000
0.000000
Piega
1
Dati Generali
45.720000
3.048000
45
45
\Kvfile\Mat\1434104-410
1
0
\Kvfile\Pnz\50248X
0
0
0.000000
0.000000
0.000000
0
0
1
0
0
0
0
0
0
0
0
0.000000
0.000000
0.000000
0.000000
0.000000
0.000000
Dati
0.508000
90.000000
90.000000
70.358000
70.358000
70.358000
70.358000
226.944807
226.944807
75.515200
75.515200
75.515200
75.515200
2079.500000
2169.500000
0.000000
0.000000
45.000000
45.000000
0.019702
0.000000
0.000000
0.000000
0.000000
0.000000
0.000000
0.000000
-18.475960
-18.984000
-18.475960
-18.475960
-15.000000
-15.000000
0.000000
0.000000
0.000000
0.000000
0.000000
2.757184
0.019702
127.000000
0.000000
1
1
0
0
0
0
0000000000000000
0
180
1.998133
1.000000
7.000000
0.000000
0.000000
0.000000
0.000000
0.000000
0.000000
0.000000
0
0
16
0
0
0
0
0
0
0.000000
0.000000
0.000000
0.000000
0.000000
0.000000
0.000000
0.000000
0.000000
Piega
1
Dati Generali
45.720000
3.048000
45
45
\Kvfile\Mat\1434104-410
1
0
\Kvfile\Pnz\50248X
0
0
0.000000
0.000000
0.000000
0
0
0
0
0
0
0
0
0
0
0
0.000000
0.000000
0.000000
0.000000
0.000000
0.000000
Dati
0.508000
90.000000
90.000000
124.460000
124.460000
124.460000
124.460000
226.859944
226.859944
83.715200
83.715200
83.715200
83.715200
2079.500000
2169.500000
0.000000
0.000000
45.000000
45.000000
0.019702
0.000000
0.000000
0.000000
0.000000
0.000000
0.000000
0.000000
1.016000
1.016000
1.016000
1.016000
-16.500000
-16.500000
0.000000
0.000000
0.000000
0.000000
0.000000
2.757184
0.019702
127.000000
0.000000
1
1
0
0
0
0
0000000000000000
0
180
1.998133
1.000000
8.000000
0.000000
0.000000
0.000000
0.000000
0.000000
0.000000
0.000000
0
0
16
0
0
0
0
0
0
0.000000
0.000000
0.000000
0.000000
0.000000
0.000000
0.000000
0.000000
0.000000

[General]
BendNum=8
Mix=0
LoadedFirstTime=0
DeletedBend=0

[Bend1]
DirDieHolder=\Kvfile\DieHolder\
DieHolder=
ChkSumDieHolder=0
DirIntermediate=\Kvfile\Intermediate\
Intermediate=
ChkSumIntermediate=0
MinFlange=0.000000
SicAreaX=0.000000
SicAreaR=0.000000
SensPressActCrowning=0
SensPressFindMax=0
SensPressFindSpess=0
ConicalAngle=0.000000
Resistance=45
AddedBend=0
SplitdBend=0

[Bend2]
DirDieHolder=\Kvfile\DieHolder\
DieHolder=
ChkSumDieHolder=0
DirIntermediate=\Kvfile\Intermediate\
Intermediate=
ChkSumIntermediate=0
MinFlange=0.000000
SicAreaX=0.000000
SicAreaR=0.000000
SensPressActCrowning=0
SensPressFindMax=0
SensPressFindSpess=0
ConicalAngle=0.000000
Resistance=45
AddedBend=0
SplitdBend=0

[Bend3]
DirDieHolder=\Kvfile\DieHolder\
DieHolder=
ChkSumDieHolder=0
DirIntermediate=\Kvfile\Intermediate\
Intermediate=
ChkSumIntermediate=0
MinFlange=0.000000
SicAreaX=0.000000
SicAreaR=0.000000
SensPressActCrowning=0
SensPressFindMax=0
SensPressFindSpess=0
ConicalAngle=0.000000
Resistance=45
AddedBend=0
SplitdBend=0

[Bend4]
DirDieHolder=\Kvfile\DieHolder\
DieHolder=
ChkSumDieHolder=0
DirIntermediate=\Kvfile\Intermediate\
Intermediate=
ChkSumIntermediate=0
MinFlange=0.000000
SicAreaX=0.000000
SicAreaR=0.000000
SensPressActCrowning=0
SensPressFindMax=0
SensPressFindSpess=0
ConicalAngle=0.000000
Resistance=45
AddedBend=0
SplitdBend=0

[Bend5]
DirDieHolder=\Kvfile\DieHolder\
DieHolder=
ChkSumDieHolder=0
DirIntermediate=\Kvfile\Intermediate\
Intermediate=
ChkSumIntermediate=0
MinFlange=0.000000
SicAreaX=0.000000
SicAreaR=0.000000
SensPressActCrowning=0
SensPressFindMax=0
SensPressFindSpess=0
ConicalAngle=0.000000
Resistance=45
AddedBend=0
SplitdBend=0

[Bend6]
DirDieHolder=\Kvfile\DieHolder\
DieHolder=
ChkSumDieHolder=0
DirIntermediate=\Kvfile\Intermediate\
Intermediate=
ChkSumIntermediate=0
MinFlange=0.000000
SicAreaX=0.000000
SicAreaR=0.000000
SensPressActCrowning=0
SensPressFindMax=0
SensPressFindSpess=0
ConicalAngle=0.000000
Resistance=45
AddedBend=0
SplitdBend=0

[Bend7]
DirDieHolder=\Kvfile\DieHolder\
DieHolder=
ChkSumDieHolder=0
DirIntermediate=\Kvfile\Intermediate\
Intermediate=
ChkSumIntermediate=0
MinFlange=0.000000
SicAreaX=0.000000
SicAreaR=0.000000
SensPressActCrowning=0
SensPressFindMax=0
SensPressFindSpess=0
ConicalAngle=0.000000
Resistance=45
AddedBend=0
SplitdBend=0

[Bend8]
DirDieHolder=\Kvfile\DieHolder\
DieHolder=
ChkSumDieHolder=0
DirIntermediate=\Kvfile\Intermediate\
Intermediate=
ChkSumIntermediate=0
MinFlange=0.000000
SicAreaX=0.000000
SicAreaR=0.000000
SensPressActCrowning=0
SensPressFindMax=0
SensPressFindSpess=0
ConicalAngle=0.000000
Resistance=45
AddedBend=0
SplitdBend=0
