Programma Numerico da 20.0

1
0
4
1
1
0
0.000000
0.000000
\Kvfile\Mat\
\Kvfile\Pnz\
0.000000
0.000000
0.000000
0.000000
\Kvfile\Mat\
\Kvfile\Pnz\
0.000000
0.000000
0.000000
0.000000
\Kvfile\Mat\
\Kvfile\Pnz\
0.000000
0.000000
0.000000
0.000000
\Kvfile\Mat\
\Kvfile\Pnz\
0.000000
0.000000
0.000000
0.000000
0.000000
0.000000
0.000000
0.000000
0.000000
0.000000
1
1.016000
0
0.000000
0
0.000000
0
0.000000
0
0.000000
0
0.000000
0
0.000000
0
0.000000
0.000000
0.000000
0.000000
0.000000
0.000000
0.000000
0.000000
0.000000
0.000000
0.000000










Piega
1
Dati Generali
76.200000
4.445000
45
45
\Kvfile\Mat\50240
1
0
\Kvfile\Pnz\50052X
0
0
0.000000
0.000000
0.000000
0
0
0
0
0
0
0
0
0
0
0
0.000000
0.000000
0.000000
0.000000
0.000000
0.000000
Dati
0.508000
90.000000
90.000000
85.090000
85.090000
85.090000
85.090000
143.000602
143.000602
52.883300
52.883300
52.883300
52.883300
2079.500000
2169.500000
0.000000
0.000000
45.000000
45.000000
0.032317
0.000000
0.000000
0.000000
0.000000
0.000000
0.000000
0.000000
0.508000
0.000000
0.000000
0.000000
-2.750000
-2.750000
0.000000
0.000000
0.000000
0.000000
0.000000
4.545556
0.032317
127.000000
0.000000
1
1
0
0
0
0
0000000000000000
0
9
4.233333
1.000000
1.000000
0.000000
0.000000
0.000000
0.000000
0.000000
0.000000
0.000000
0
0
16
0
0
0
0
0
0
0.000000
0.000000
0.000000
0.000000
0.000000
0.000000
0.000000
0.000000
0.000000

[General]
BendNum=1
Mix=0
LoadedFirstTime=0
DeletedBend=0

[Bend1]
DirDieHolder=\Kvfile\DieHolder\
DieHolder=
ChkSumDieHolder=0
DirIntermediate=\Kvfile\Intermediate\
Intermediate=
ChkSumIntermediate=0
MinFlange=0.000000
SicAreaX=0.000000
SicAreaR=0.000000
SensPressActCrowning=0
SensPressFindMax=0
SensPressFindSpess=0
ConicalAngle=0.000000
Resistance=45
AddedBend=0
SplitdBend=0
