Programma Numerico da 20.0

2
0
5
1
1
0
0.000000
0.000000
\Kvfile\Mat\
\Kvfile\Pnz\
0.000000
0.000000
0.000000
0.000000
\Kvfile\Mat\
\Kvfile\Pnz\
0.000000
0.000000
0.000000
0.000000
\Kvfile\Mat\
\Kvfile\Pnz\
0.000000
0.000000
0.000000
0.000000
\Kvfile\Mat\
\Kvfile\Pnz\
0.000000
0.000000
0.000000
0.000000
0.000000
0.000000
0.000000
0.000000
0.000000
0.000000
2
5.080160
0
0.000000
0
0.000000
0
0.000000
0
0.000000
0
0.000000
0
0.000000
0
0.000000
0.000000
0.000000
0.000000
0.000000
0.000000
0.000000
0.000000
0.000000
0.000000
0.000000










Piega
1
Dati Generali
736.600000
6.350000
45
45
\Kvfile\Mat\50298
1
0
\Kvfile\Pnz\50248X
0
0
0.000000
0.000000
0.000000
0
0
1
0
0
0
0
0
0
0
0
0.000000
0.000000
0.000000
0.000000
0.000000
0.000000
Dati
0.508000
125.000000
125.000000
118.364000
118.364000
118.364000
118.364000
204.751082
204.751082
54.915800
54.915800
54.915800
54.915800
1829.860000
2419.140000
0.000000
0.000000
27.500000
27.500000
0.900000
0.000000
0.000000
0.000000
0.000000
0.000000
0.000000
0.000000
-18.729960
-18.983960
-18.983960
-18.983960
-4.000000
-4.000000
0.000000
0.000000
0.000000
0.000000
0.000000
63.600000
0.900000
127.000000
0.000000
1
1
0
0
0
0
0000000000000000
0
211
6.350000
1.000000
1.000000
0.000000
0.000000
0.000000
0.000000
0.000000
0.000000
0.000000
0
0
16
0
0
0
0
0
0
0.000000
0.000000
0.000000
0.000000
0.000000
0.000000
0.000000
0.000000
0.000000
Piega
1
Dati Generali
736.600000
6.350000
45
45
\Kvfile\Mat\50298
1
0
\Kvfile\Pnz\50248X
0
0
0.000000
0.000000
0.000000
0
0
1
0
0
0
0
0
0
0
0
0.000000
0.000000
0.000000
0.000000
0.000000
0.000000
Dati
0.254000
90.000000
90.000000
171.958000
171.958000
171.958000
171.958000
198.429073
198.429073
54.915800
54.915800
54.915800
54.915800
1829.860000
2419.140000
0.000000
0.000000
45.000000
45.000000
0.900000
0.000000
0.000000
0.000000
0.000000
0.000000
0.000000
0.000000
-18.729960
-18.983960
-18.983960
-18.983960
-4.000000
-4.000000
0.000000
0.000000
0.000000
0.000000
0.000000
63.600000
0.900000
127.000000
0.000000
1
1
0
0
0
0
0000000000000000
0
211
6.350000
1.000000
2.000000
0.000000
0.000000
0.000000
0.000000
0.000000
0.000000
0.000000
0
0
16
0
0
0
0
0
0
0.000000
0.000000
0.000000
0.000000
0.000000
0.000000
0.000000
0.000000
0.000000

[General]
BendNum=2
Mix=0
LoadedFirstTime=0
DeletedBend=0

[Bend1]
DirDieHolder=\Kvfile\DieHolder\
DieHolder=
ChkSumDieHolder=0
DirIntermediate=\Kvfile\Intermediate\
Intermediate=
ChkSumIntermediate=0
MinFlange=0.000000
SicAreaX=0.000000
SicAreaR=0.000000
SensPressActCrowning=0
SensPressFindMax=0
SensPressFindSpess=0
ConicalAngle=0.000000
Resistance=45
AddedBend=0
SplitdBend=0

[Bend2]
DirDieHolder=\Kvfile\DieHolder\
DieHolder=
ChkSumDieHolder=0
DirIntermediate=\Kvfile\Intermediate\
Intermediate=
ChkSumIntermediate=0
MinFlange=0.000000
SicAreaX=0.000000
SicAreaR=0.000000
SensPressActCrowning=0
SensPressFindMax=0
SensPressFindSpess=0
ConicalAngle=0.000000
Resistance=45
AddedBend=0
SplitdBend=0
