Programma Numerico da 20.0

2
0
3
1
1
0
0.000000
0.000000
\Kvfile\Mat\
\Kvfile\Pnz\
0.000000
0.000000
0.000000
0.000000
\Kvfile\Mat\
\Kvfile\Pnz\
0.000000
0.000000
0.000000
0.000000
\Kvfile\Mat\
\Kvfile\Pnz\
0.000000
0.000000
0.000000
0.000000
\Kvfile\Mat\
\Kvfile\Pnz\
0.000000
0.000000
0.000000
0.000000
0.000000
0.000000
0.000000
0.000000
0.000000
0.000000
2
2.032000
0
0.000000
0
0.000000
0
0.000000
0
0.000000
0
0.000000
0
0.000000
0
0.000000
0.000000
0.000000
0.000000
0.000000
0.000000
0.000000
0.000000
0.000000
0.000000
0.000000










Piega
1
Dati Generali
63.500000
3.429000
45
45
\Kvfile\Mat\50240
1
0
\Kvfile\Pnz\50281C
0
0
0.000000
0.000000
0.000000
0
0
0
0
0
0
0
0
0
0
0
0.000000
0.000000
0.000000
0.000000
0.000000
0.000000
Dati
0.558800
90.000000
90.000000
35.306000
35.306000
35.306000
35.306000
141.232390
141.232390
52.375300
52.375300
52.375300
52.375300
2079.500000
2169.500000
0.000000
0.000000
45.000000
45.000000
0.016420
0.000000
0.000000
0.000000
0.000000
0.000000
0.000000
0.000000
0.508000
0.000000
0.000000
0.000000
-6.000000
-6.000000
0.000000
0.000000
0.000000
0.000000
0.000000
2.304633
0.016420
127.000000
0.000000
2
1
0
0
0
0
0000000000000000
0
71
4.233333
1.000000
1.000000
0.000000
0.000000
0.000000
0.000000
0.000000
0.000000
0.000000
0
0
16
0
0
0
0
0
0
0.000000
0.000000
0.000000
0.000000
0.000000
0.000000
0.000000
0.000000
0.000000
Piega
1
Dati Generali
685.800000
3.429000
45
45
\Kvfile\Mat\50240
1
0
\Kvfile\Pnz\50281C
0
0
0.000000
0.000000
0.000000
0
0
0
0
0
0
0
0
0
0
0
0.000000
0.000000
0.000000
0.000000
0.000000
0.000000
Dati
0.508000
90.000000
90.000000
35.306000
35.306000
35.306000
35.306000
141.009733
141.009733
52.375300
52.375300
52.375300
52.375300
1850.180000
2398.820000
0.000000
0.000000
45.000000
45.000000
0.152703
0.000000
0.000000
0.000000
0.000000
0.000000
0.000000
0.000000
0.508000
0.000000
0.000000
0.000000
-7.500000
-7.500000
0.000000
0.000000
0.000000
0.000000
0.000000
23.910033
0.152703
127.000000
0.000000
2
1
0
0
0
0
0000000000000000
0
71
4.233333
1.000000
2.000000
0.000000
0.000000
0.000000
0.000000
0.000000
0.000000
0.000000
0
0
16
0
0
0
0
0
0
0.000000
0.000000
0.000000
0.000000
0.000000
0.000000
0.000000
0.000000
0.000000

[General]
BendNum=2
Mix=0
LoadedFirstTime=0
DeletedBend=0

[Bend1]
DirDieHolder=\Kvfile\DieHolder\
DieHolder=
ChkSumDieHolder=0
DirIntermediate=\Kvfile\Intermediate\
Intermediate=
ChkSumIntermediate=0
MinFlange=0.000000
SicAreaX=0.000000
SicAreaR=0.000000
SensPressActCrowning=0
SensPressFindMax=0
SensPressFindSpess=0
ConicalAngle=0.000000
Resistance=45
AddedBend=0
SplitdBend=0

[Bend2]
DirDieHolder=\Kvfile\DieHolder\
DieHolder=
ChkSumDieHolder=0
DirIntermediate=\Kvfile\Intermediate\
Intermediate=
ChkSumIntermediate=0
MinFlange=0.000000
SicAreaX=0.000000
SicAreaR=0.000000
SensPressActCrowning=0
SensPressFindMax=0
SensPressFindSpess=0
ConicalAngle=0.000000
Resistance=45
AddedBend=0
SplitdBend=0
