Programma Numerico da 20.0

2
0
1
1
1
0
0.000000
0.000000
\Kvfile\Mat\
\Kvfile\Pnz\
0.000000
0.000000
0.000000
0.000000
\Kvfile\Mat\
\Kvfile\Pnz\
0.000000
0.000000
0.000000
0.000000
\Kvfile\Mat\
\Kvfile\Pnz\
0.000000
0.000000
0.000000
0.000000
\Kvfile\Mat\
\Kvfile\Pnz\
0.000000
0.000000
0.000000
0.000000
0.000000
0.000000
0.000000
0.000000
0.000000
0.000000
2
3.556080
0
0.000000
0
0.000000
0
0.000000
0
0.000000
0
0.000000
0
0.000000
0
0.000000
0.000000
0.000000
0.000000
0.000000
0.000000
0.000000
0.000000
0.000000
0.000000
0.000000










Piega
1
Dati Generali
965.200000
6.350000
45
45
\Kvfile\Mat\50300
1
0
\Kvfile\Pnz\50289C
0
0
0.000000
0.000000
0.000000
0
0
1
0
0
0
0
0
0
0
0
0.000000
0.000000
0.000000
0.000000
0.000000
0.000000
Dati
0.508000
90.000000
90.000000
230.378000
230.378000
230.378000
230.378000
148.587937
148.587937
71.476600
71.476600
71.476600
71.476600
1738.420000
2510.580000
0.000000
0.000000
45.000000
45.000000
0.500000
0.000000
0.000000
0.000000
0.000000
0.000000
0.000000
0.000000
-18.729960
-18.983960
-18.983960
-18.983960
-2.750000
-2.750000
0.000000
0.000000
0.000000
0.000000
0.000000
46.067650
0.500000
101.600000
1.397000
1
1
0
0
0
0
0000000000000000
0
88
10.583333
1.000000
1.000000
0.000000
0.000000
0.000000
0.000000
0.000000
0.000000
0.000000
0
0
16
0
0
0
0
0
0
0.000000
0.000000
0.000000
0.000000
0.000000
0.000000
0.000000
0.000000
0.000000
Piega
1
Dati Generali
965.200000
6.350000
45
45
\Kvfile\Mat\50300
1
0
\Kvfile\Pnz\50289C
0
0
0.000000
0.000000
0.000000
0
0
0
0
0
0
0
0
0
0
0
0.000000
0.000000
0.000000
0.000000
0.000000
0.000000
Dati
0.508000
90.000000
90.000000
51.308000
51.308000
51.308000
51.308000
148.587937
148.587937
78.651600
78.651600
78.651600
78.651600
1738.420000
2510.580000
0.000000
0.000000
45.000000
45.000000
0.500000
0.000000
0.000000
0.000000
0.000000
0.000000
0.000000
0.000000
0.508000
0.000000
0.000000
0.000000
-2.750000
-2.750000
0.000000
0.000000
0.000000
0.000000
0.000000
46.067650
0.500000
127.000000
0.000000
1
1
0
0
0
0
0000000000000000
0
88
10.583333
1.000000
2.000000
0.000000
0.000000
0.000000
0.000000
0.000000
0.000000
0.000000
0
0
16
0
0
0
0
0
0
0.000000
0.000000
0.000000
0.000000
0.000000
0.000000
0.000000
0.000000
0.000000

[General]
BendNum=2
Mix=0
LoadedFirstTime=0
DeletedBend=0

[Bend1]
DirDieHolder=\Kvfile\DieHolder\
DieHolder=
ChkSumDieHolder=0
DirIntermediate=\Kvfile\Intermediate\
Intermediate=
ChkSumIntermediate=0
MinFlange=0.000000
SicAreaX=0.000000
SicAreaR=0.000000
SensPressActCrowning=0
SensPressFindMax=0
SensPressFindSpess=0
ConicalAngle=0.000000
Resistance=45
AddedBend=0
SplitdBend=0

[Bend2]
DirDieHolder=\Kvfile\DieHolder\
DieHolder=
ChkSumDieHolder=0
DirIntermediate=\Kvfile\Intermediate\
Intermediate=
ChkSumIntermediate=0
MinFlange=0.000000
SicAreaX=0.000000
SicAreaR=0.000000
SensPressActCrowning=0
SensPressFindMax=0
SensPressFindSpess=0
ConicalAngle=0.000000
Resistance=45
AddedBend=0
SplitdBend=0
