Programma Numerico da 20.0

2
0
8
1
1
0
0.000000
0.000000
\Kvfile\Mat\
\Kvfile\Pnz\
0.000000
0.000000
0.000000
0.000000
\Kvfile\Mat\
\Kvfile\Pnz\
0.000000
0.000000
0.000000
0.000000
\Kvfile\Mat\
\Kvfile\Pnz\
0.000000
0.000000
0.000000
0.000000
\Kvfile\Mat\
\Kvfile\Pnz\
0.000000
0.000000
0.000000
0.000000
0.000000
0.000000
0.000000
0.000000
0.000000
0.000000
2
4.064080
0
0.000000
0
0.000000
0
0.000000
0
0.000000
0
0.000000
0
0.000000
0
0.000000
0.000000
0.000000
0.000000
0.000000
0.000000
0.000000
0.000000
0.000000
0.000000
0.000000










Piega
1
Dati Generali
482.600000
4.445000
45
45
\Kvfile\Mat\50240
1
0
\Kvfile\Pnz\50248X
0
0
0.000000
0.000000
0.000000
0
0
0
0
0
0
0
0
0
0
0
0.000000
0.000000
0.000000
0.000000
0.000000
0.000000
Dati
0.558800
90.000000
90.000000
59.690000
59.690000
59.690000
59.690000
193.181047
193.854915
52.883300
52.883300
52.883300
52.883300
1828.800000
2184.400000
0.000000
0.000000
45.000000
45.000000
0.300000
0.000000
0.000000
0.000000
0.000000
0.000000
0.000000
0.000000
0.762000
0.254000
0.254000
0.254000
-8.500000
-3.500000
0.000000
0.000000
0.000000
0.000000
0.000000
28.255186
0.300000
127.000000
0.000000
2
1
0
0
0
0
0000000000000000
0
248
4.233333
1.000000
1.000000
0.000000
0.000000
0.000000
0.000000
0.000000
0.000000
0.000000
0
0
16
0
0
0
0
0
0
0.000000
0.000000
0.000000
0.000000
0.000000
0.000000
0.000000
0.000000
0.000000
Piega
1
Dati Generali
139.700000
4.445000
45
45
\Kvfile\Mat\50240
1
0
\Kvfile\Pnz\50248X
0
0
0.000000
0.000000
0.000000
0
0
1
0
0
0
0
0
0
0
0
0.000000
0.000000
0.000000
0.000000
0.000000
0.000000
Dati
0.508000
90.000000
90.000000
250.190000
250.190000
250.190000
250.190000
193.656515
193.656515
46.660800
46.660800
46.660800
46.660800
2425.700000
2515.700000
0.000000
0.000000
45.000000
45.000000
0.058034
0.000000
0.000000
0.000000
0.000000
0.000000
0.000000
0.000000
-18.729960
-18.983960
-18.983960
-18.983960
-5.000000
-5.000000
0.000000
0.000000
0.000000
0.000000
0.000000
8.250185
0.058034
254.000000
0.000000
1
1
0
0
0
0
0000000000000000
0
248
4.233333
1.000000
2.000000
0.000000
0.000000
0.000000
0.000000
0.000000
0.000000
0.000000
0
0
16
0
0
0
0
0
0
0.000000
0.000000
0.000000
0.000000
0.000000
0.000000
0.000000
0.000000
0.000000

[General]
BendNum=2
Mix=0
LoadedFirstTime=0
DeletedBend=0

[Bend1]
DirDieHolder=\Kvfile\DieHolder\
DieHolder=
ChkSumDieHolder=0
DirIntermediate=\Kvfile\Intermediate\
Intermediate=
ChkSumIntermediate=0
MinFlange=0.000000
SicAreaX=0.000000
SicAreaR=0.000000
SensPressActCrowning=0
SensPressFindMax=0
SensPressFindSpess=0
ConicalAngle=0.000000
Resistance=45
AddedBend=0
SplitdBend=0

[Bend2]
DirDieHolder=\Kvfile\DieHolder\
DieHolder=
ChkSumDieHolder=0
DirIntermediate=\Kvfile\Intermediate\
Intermediate=
ChkSumIntermediate=0
MinFlange=0.000000
SicAreaX=0.000000
SicAreaR=0.000000
SensPressActCrowning=0
SensPressFindMax=0
SensPressFindSpess=0
ConicalAngle=0.000000
Resistance=45
AddedBend=0
SplitdBend=0
