Programma Numerico da 20.0

6
0
3
1
1
0
0.000000
0.000000
\Kvfile\Mat\
\Kvfile\Pnz\
0.000000
0.000000
0.000000
0.000000
\Kvfile\Mat\
\Kvfile\Pnz\
0.000000
0.000000
0.000000
0.000000
\Kvfile\Mat\
\Kvfile\Pnz\
0.000000
0.000000
0.000000
0.000000
\Kvfile\Mat\
\Kvfile\Pnz\
0.000000
0.000000
0.000000
0.000000
0.000000
0.000000
0.000000
0.000000
0.000000
0.000000
6
-6.096000
0
0.000000
0
0.000000
0
0.000000
0
0.000000
0
0.000000
0
0.000000
0
0.000000
0.000000
0.000000
0.000000
0.000000
0.000000
0.000000
0.000000
0.000000
0.000000
0.000000
TABLE1









Piega
1
Dati Generali
350.520000
3.048000
65
65
\Kvfile\Mat\50240
1
0
\Kvfile\Pnz\50052X
0
0
0.000000
0.000000
0.000000
0
0
0
0
0
0
0
0
0
0
0
0.000000
0.000000
0.000000
0.000000
0.000000
0.000000
Dati
0.762000
90.000000
90.000000
22.860000
22.860000
22.860000
22.860000
141.232905
141.232905
54.860800
52.184800
54.860800
54.860800
1984.292000
2264.708000
0.000000
0.000000
45.000000
45.000000
0.094905
0.000000
0.000000
0.000000
0.000000
0.000000
0.000000
0.000000
-0.762000
-1.397000
-1.397000
-1.397000
-3.000000
-3.000000
0.000000
0.000000
0.000000
0.000000
0.000000
13.989004
0.094905
127.000000
0.000000
1
1
0
0
0
0
0000000000000000
0
9
5.404255
1.000000
1.000000
0.000000
0.000000
0.000000
0.000000
0.000000
0.000000
0.000000
0
0
16
0
0
0
0
0
0
0.000000
0.000000
0.000000
0.000000
0.000000
0.000000
0.000000
0.000000
0.000000
Piega
1
Dati Generali
996.950000
3.048000
65
65
\Kvfile\Mat\50240
1
0
\Kvfile\Pnz\50052X
0
0
0.000000
0.000000
0.000000
0
0
0
0
0
0
0
0
0
0
0
0.000000
0.000000
0.000000
0.000000
0.000000
0.000000
Dati
0.762000
90.000000
90.000000
18.034000
18.034000
18.034000
18.034000
141.094830
141.094830
54.860800
54.860800
54.860800
54.860800
1725.720000
2523.280000
0.000000
0.000000
45.000000
45.000000
0.238312
0.000000
0.000000
0.000000
0.000000
0.000000
0.000000
0.000000
-0.762000
-1.397000
-1.397000
-1.397000
-4.000000
-4.000000
0.000000
0.000000
0.000000
0.000000
0.000000
39.603147
0.238312
127.000000
0.000000
1
1
0
0
0
0
0000000000000000
0
9
5.404255
1.000000
2.000000
0.000000
0.000000
0.000000
0.000000
0.000000
0.000000
0.000000
0
0
16
0
0
0
0
0
0
0.000000
0.000000
0.000000
0.000000
0.000000
0.000000
0.000000
0.000000
0.000000
Piega
1
Dati Generali
350.520000
3.048000
65
65
\Kvfile\Mat\50240
1
0
\Kvfile\Pnz\50052X
0
0
0.000000
0.000000
0.000000
0
0
0
0
0
0
0
0
0
0
0
0.000000
0.000000
0.000000
0.000000
0.000000
0.000000
Dati
0.762000
90.000000
90.000000
22.860000
22.860000
22.860000
22.860000
141.232905
141.232905
52.184800
52.184800
52.184800
52.184800
1828.800000
2324.100000
0.000000
0.000000
45.000000
45.000000
0.094905
0.000000
0.000000
0.000000
0.000000
0.000000
0.000000
0.000000
-0.762000
-1.397000
-1.397000
-1.397000
-3.000000
-3.000000
0.000000
0.000000
0.000000
0.000000
0.000000
13.989004
0.094905
127.000000
0.000000
1
1
0
0
0
0
0000000000000000
0
9
5.404255
1.000000
3.000000
0.000000
0.000000
0.000000
0.000000
0.000000
0.000000
0.000000
0
0
16
0
0
0
0
0
0
0.000000
0.000000
0.000000
0.000000
0.000000
0.000000
0.000000
0.000000
0.000000
Piega
1
Dati Generali
996.950000
3.048000
65
65
\Kvfile\Mat\50240
1
0
\Kvfile\Pnz\50052X
0
0
0.000000
0.000000
0.000000
0
0
0
0
0
0
0
0
0
0
0
0.000000
0.000000
0.000000
0.000000
0.000000
0.000000
Dati
0.762000
90.000000
90.000000
18.034000
18.034000
18.034000
18.034000
141.094830
141.094830
54.860800
54.860800
54.860800
54.860800
1725.720000
2523.280000
0.000000
0.000000
45.000000
45.000000
0.238312
0.000000
0.000000
0.000000
0.000000
0.000000
0.000000
0.000000
-0.762000
-1.397000
-1.397000
-1.397000
-4.000000
-4.000000
0.000000
0.000000
0.000000
0.000000
0.000000
39.603147
0.238312
127.000000
0.000000
1
1
0
0
0
0
0000000000000000
0
9
5.404255
1.000000
4.000000
0.000000
0.000000
0.000000
0.000000
0.000000
0.000000
0.000000
0
0
16
0
0
0
0
0
0
0.000000
0.000000
0.000000
0.000000
0.000000
0.000000
0.000000
0.000000
0.000000
Piega
1
Dati Generali
996.950000
3.048000
65
65
\Kvfile\Mat\50240
1
0
\Kvfile\Pnz\50052X
0
0
0.000000
0.000000
0.000000
0
0
0
0
0
0
0
0
0
0
0
0.000000
0.000000
0.000000
0.000000
0.000000
0.000000
Dati
0.762000
177.000000
177.000000
558.800000
558.800000
558.800000
558.800000
150.929161
150.929161
52.184800
52.184800
52.184800
52.184800
1725.720000
2523.280000
0.000000
0.000000
1.500000
1.500000
0.238312
0.000000
0.000000
0.000000
0.000000
0.000000
0.000000
0.000000
0.000000
0.000000
0.000000
0.000000
-6.500000
-6.500000
0.000000
0.000000
0.000000
0.000000
0.000000
39.603147
0.238312
127.000000
0.000000
2
1
0
0
0
0
0000000000000000
0
9
5.404255
1.000000
5.000000
0.000000
0.000000
0.000000
0.000000
0.000000
0.000000
0.000000
0
0
16
0
0
0
0
0
0
0.000000
0.000000
0.000000
0.000000
0.000000
0.000000
0.000000
0.000000
0.000000
Piega
1
Dati Generali
996.950000
3.048000
65
65
\Kvfile\Mat\50240
1
0
\Kvfile\Pnz\50052X
0
0
0.000000
0.000000
0.000000
0
0
0
0
0
0
0
0
0
0
0
0.000000
0.000000
0.000000
0.000000
0.000000
0.000000
Dati
1.500000
177.000000
177.000000
558.800000
558.800000
558.800000
558.800000
150.929161
150.929161
54.860800
54.860800
54.860800
54.860800
1725.720000
2523.280000
0.000000
0.000000
1.500000
1.500000
0.238312
0.000000
0.000000
0.000000
0.000000
0.000000
0.000000
0.000000
0.000000
0.000000
0.000000
0.000000
-6.500000
-6.500000
0.000000
0.000000
0.000000
0.000000
0.000000
39.603147
0.238312
357.701600
0.000000
1
1
0
0
0
0
0000000000000000
0
9
5.404255
1.000000
6.000000
0.000000
0.000000
0.000000
0.000000
0.000000
0.000000
0.000000
0
0
16
0
0
0
0
0
0
0.000000
0.000000
0.000000
0.000000
0.000000
0.000000
0.000000
0.000000
0.000000

[General]
BendNum=6
Mix=0
LoadedFirstTime=0
DeletedBend=0

[Bend1]
DirDieHolder=\Kvfile\DieHolder\
DieHolder=
ChkSumDieHolder=0
DirIntermediate=\Kvfile\Intermediate\
Intermediate=
ChkSumIntermediate=0
MinFlange=0.000000
SicAreaX=0.000000
SicAreaR=0.000000
SensPressActCrowning=0
SensPressFindMax=0
SensPressFindSpess=0
ConicalAngle=0.000000
Resistance=65
AddedBend=0
SplitdBend=0

[Bend2]
DirDieHolder=\Kvfile\DieHolder\
DieHolder=
ChkSumDieHolder=0
DirIntermediate=\Kvfile\Intermediate\
Intermediate=
ChkSumIntermediate=0
MinFlange=0.000000
SicAreaX=0.000000
SicAreaR=0.000000
SensPressActCrowning=0
SensPressFindMax=0
SensPressFindSpess=0
ConicalAngle=0.000000
Resistance=65
AddedBend=0
SplitdBend=0

[Bend3]
DirDieHolder=\Kvfile\DieHolder\
DieHolder=
ChkSumDieHolder=0
DirIntermediate=\Kvfile\Intermediate\
Intermediate=
ChkSumIntermediate=0
MinFlange=0.000000
SicAreaX=0.000000
SicAreaR=0.000000
SensPressActCrowning=0
SensPressFindMax=0
SensPressFindSpess=0
ConicalAngle=0.000000
Resistance=65
AddedBend=0
SplitdBend=0

[Bend4]
DirDieHolder=\Kvfile\DieHolder\
DieHolder=
ChkSumDieHolder=0
DirIntermediate=\Kvfile\Intermediate\
Intermediate=
ChkSumIntermediate=0
MinFlange=0.000000
SicAreaX=0.000000
SicAreaR=0.000000
SensPressActCrowning=0
SensPressFindMax=0
SensPressFindSpess=0
ConicalAngle=0.000000
Resistance=65
AddedBend=0
SplitdBend=0

[Bend5]
DirDieHolder=\Kvfile\DieHolder\
DieHolder=
ChkSumDieHolder=0
DirIntermediate=\Kvfile\Intermediate\
Intermediate=
ChkSumIntermediate=0
MinFlange=0.000000
SicAreaX=0.000000
SicAreaR=0.000000
SensPressActCrowning=0
SensPressFindMax=0
SensPressFindSpess=0
ConicalAngle=0.000000
Resistance=65
AddedBend=0
SplitdBend=0

[Bend6]
DirDieHolder=\Kvfile\DieHolder\
DieHolder=
ChkSumDieHolder=0
DirIntermediate=\Kvfile\Intermediate\
Intermediate=
ChkSumIntermediate=0
MinFlange=0.000000
SicAreaX=0.000000
SicAreaR=0.000000
SensPressActCrowning=0
SensPressFindMax=0
SensPressFindSpess=0
ConicalAngle=0.000000
Resistance=65
AddedBend=0
SplitdBend=0
