Programma Numerico da 20.0

3
0
1
1
1
0
0.000000
0.000000
\Kvfile\Mat\
\Kvfile\Pnz\
0.000000
0.000000
0.000000
0.000000
\Kvfile\Mat\
\Kvfile\Pnz\
0.000000
0.000000
0.000000
0.000000
\Kvfile\Mat\
\Kvfile\Pnz\
0.000000
0.000000
0.000000
0.000000
\Kvfile\Mat\
\Kvfile\Pnz\
0.000000
0.000000
0.000000
0.000000
0.000000
0.000000
0.000000
0.000000
0.000000
0.000000
3
-3.078400
0
0.000000
0
0.000000
0
0.000000
0
0.000000
0
0.000000
0
0.000000
0
0.000000
0.000000
0.000000
0.000000
0.000000
0.000000
0.000000
0.000000
0.000000
0.000000
0.000000
TABLE1









Piega
1
Dati Generali
1447.800000
1.905000
65
65
\Kvfile\Mat\1434104-410
1
0
\Kvfile\Pnz\50045X
0
0
0.000000
0.000000
0.000000
0
0
1
0
0
0
0
0
0
0
0
0.000000
0.000000
0.000000
0.000000
0.000000
0.000000
Dati
0.254000
88.000000
88.000000
101.854000
101.854000
101.854000
101.854000
172.794718
172.794718
75.515200
75.515200
75.515200
75.515200
1676.400000
2616.200000
0.000000
0.000000
46.000000
46.000000
0.260853
0.000000
0.000000
0.000000
0.000000
0.000000
0.000000
0.000000
-20.523200
-20.772120
-20.772120
-20.772120
-14.000000
-14.000000
0.000000
0.000000
0.000000
0.000000
0.000000
47.577181
0.260853
203.200000
0.889000
1
1
0
0
0
0
0000000000000000
0
120
2.550809
1.000000
1.000000
0.000000
0.000000
0.000000
0.000000
0.000000
0.000000
0.000000
0
0
16
0
0
0
0
0
0
0.000000
0.000000
0.000000
0.000000
0.000000
0.000000
0.000000
0.000000
0.000000
Piega
1
Dati Generali
1447.800000
1.905000
65
65
\Kvfile\Mat\1434104-410
1
0
\Kvfile\Pnz\50045X
0
0
0.000000
0.000000
0.000000
0
0
0
0
0
0
0
0
0
0
0
0.000000
0.000000
0.000000
0.000000
0.000000
0.000000
Dati
0.254000
90.000000
90.000000
311.658000
311.658000
311.658000
311.658000
172.692463
172.692463
83.820000
83.820000
80.467700
80.467700
1676.400000
2616.200000
0.000000
0.000000
45.000000
45.000000
0.260853
0.000000
0.000000
0.000000
0.000000
0.000000
0.000000
0.000000
-0.508000
-1.143000
-1.143000
-1.143000
-17.500000
-17.500000
0.000000
0.000000
0.000000
0.000000
0.000000
47.577181
0.260853
228.600000
0.381000
1
1
0
0
0
0
0000000000000000
0
120
2.550809
1.000000
2.000000
0.000000
0.000000
0.000000
0.000000
0.000000
0.000000
0.000000
0
0
16
0
0
0
0
0
0
0.000000
0.000000
0.000000
0.000000
0.000000
0.000000
0.000000
0.000000
0.000000
Piega
1
Dati Generali
1447.800000
1.905000
65
65
\Kvfile\Mat\1434104-410
1
0
\Kvfile\Pnz\50045X
0
0
0.000000
0.000000
0.000000
0
0
0
0
0
0
0
0
0
0
0
0.000000
0.000000
0.000000
0.000000
0.000000
0.000000
Dati
0.254000
90.000000
90.000000
25.654000
25.654000
25.654000
25.654000
172.927663
172.927663
80.467700
80.467700
80.467700
80.467700
1676.400000
2616.200000
0.000000
0.000000
45.000000
45.000000
0.260853
0.000000
0.000000
0.000000
0.000000
0.000000
0.000000
0.000000
-0.508000
-1.270000
-1.270000
-1.270000
-14.000000
-14.000000
0.000000
0.000000
0.000000
0.000000
0.000000
47.577181
0.260853
101.600000
0.762000
1
1
0
0
0
0
0000000000000000
0
120
2.550809
1.000000
3.000000
0.000000
0.000000
0.000000
0.000000
0.000000
0.000000
0.000000
0
0
16
0
0
0
0
0
0
0.000000
0.000000
0.000000
0.000000
0.000000
0.000000
0.000000
0.000000
0.000000

[General]
BendNum=3
Mix=0
LoadedFirstTime=0
DeletedBend=0

[Bend1]
DirDieHolder=\Kvfile\DieHolder\
DieHolder=
ChkSumDieHolder=0
DirIntermediate=\Kvfile\Intermediate\
Intermediate=
ChkSumIntermediate=0
MinFlange=0.000000
SicAreaX=0.000000
SicAreaR=0.000000
SensPressActCrowning=0
SensPressFindMax=0
SensPressFindSpess=0
ConicalAngle=0.000000
Resistance=65
AddedBend=0
SplitdBend=0

[Bend2]
DirDieHolder=\Kvfile\DieHolder\
DieHolder=
ChkSumDieHolder=0
DirIntermediate=\Kvfile\Intermediate\
Intermediate=
ChkSumIntermediate=0
MinFlange=0.000000
SicAreaX=0.000000
SicAreaR=0.000000
SensPressActCrowning=0
SensPressFindMax=0
SensPressFindSpess=0
ConicalAngle=0.000000
Resistance=65
AddedBend=0
SplitdBend=0

[Bend3]
DirDieHolder=\Kvfile\DieHolder\
DieHolder=
ChkSumDieHolder=0
DirIntermediate=\Kvfile\Intermediate\
Intermediate=
ChkSumIntermediate=0
MinFlange=0.000000
SicAreaX=0.000000
SicAreaR=0.000000
SensPressActCrowning=0
SensPressFindMax=0
SensPressFindSpess=0
ConicalAngle=0.000000
Resistance=65
AddedBend=0
SplitdBend=0
